9bad7b1286070531ba4b84e99eb5d6a6dfdfa42dbe1a17614812d435827bdec4,bb4f4c58187ff6ec0e9e162d613b480cfe8a7f4464b0a3706a586c85ea123715,cb98bb1e33a160bf5c0b1e581f019731cc7bc85a2306ea4b395116a5530b202b,1689cb0b0a08e8cb52b5d464416a8f46590109cfa9b704d61c2b70e4d84f9c8c,6643be57505addffe7ea036f7d6e3026f97b3577337621d7bbd2ba4a1c178561,e2671f2a6eaaea8ce40248db6409391f0f6bfcc954ac8aefd8110e05fe108d71
"1","1","10","150","150","0"
"1","2","10","250","400","0"
"1","3","10","400","800","0"
"2","1","20","150","150","0"
"2","2","20","250","400","0"
"2","3","20","400","800","0"
"2","4","20","500","1300","1"
"3","1","30","800","800","0"
"3","2","30","1000","1800","0"
"3","3","30","1200","3000","0"
"3","4","30","1400","4400","1"
"3","5","30","1600","6000","2"
"4","1","40","800","800","0"
"4","2","40","1000","1800","0"
"4","3","40","1200","3000","0"
"4","4","40","1400","4400","1"
"4","5","40","1600","6000","2"