b22aebc4ca46f19c8bf8544d894f17d24418f870f0457c7b55b58195fc8def17,6bee2f3c7233dddd4ecf557da11c7d4b28b665a7f672e7920cc5252e75b54655,be9fcd2fe83ae4c3aa5d833012020b82136e4fd338540facd14a31703735f697,b23d75db0c560c1a52c1864ddd79c5ec33ee0433bd0d3a6bde3e4d715f658fd3,9eef828e516d8c3fe12c09d5f793a18585c0c0bb3517d712a32866ea24d99b68,7a1b0fa5fd8bd65356d9513a84f94d06d027a8c4fa68fbcc145de77f904665a8
"1","1","10","150","150","0"
"1","2","10","250","400","0"
"1","3","10","400","800","0"
"2","1","20","150","150","0"
"2","2","20","250","400","0"
"2","3","20","400","800","0"
"2","4","20","500","1300","1"
"3","1","30","800","800","0"
"3","2","30","1000","1800","0"
"3","3","30","1200","3000","0"
"3","4","30","1400","4400","1"
"3","5","30","1600","6000","2"
"4","1","40","800","800","0"
"4","2","40","1000","1800","0"
"4","3","40","1200","3000","0"
"4","4","40","1400","4400","1"
"4","5","40","1600","6000","2"