6a1255a21899698420a8049615a6ab9b567c832581c6c55a14442292ffa3856d,e8fb849290f6e6fd47b6e6cf9d36d0d65ed35b3257e90ff0f2045b354c5e6c66,9f516b10ec2760bb515265042090332377965193ec1376999ce6c58d9d96a673,e08ce99d7e3e7f87b70b5e33a8ea7a3b803100b0e03a45c729ac10b7e6e57553
"20","1","20","2"
"30","1","30","3"
"80","2","50","3"
"160","3","80","3"
"60","1","60","4"
"160","2","100","4"
"340","3","180","4"
"700","4","360","4"
"1200","5","500","4"
"100","1","100","5"
"260","2","160","5"
"540","3","280","5"
"1020","4","480","5"
"1800","5","780","5"
"100","1","100","6"
"260","2","160","6"
"540","3","280","6"
"1020","4","480","6"
"1800","5","780","6"
"100","1","100","7"
"260","2","160","7"
"540","3","280","7"
"1020","4","480","7"
"1800","5","780","7"
"100","1","100","8"
"260","2","160","8"
"540","3","280","8"
"1020","4","480","8"
"1800","5","780","8"
"100","1","100","9"
"260","2","160","9"
"540","3","280","9"
"1020","4","480","9"
"1800","5","780","9"
"100","1","100","10"
"260","2","160","10"
"540","3","280","10"
"1020","4","480","10"
"1800","5","780","10"