5731f08b8fc396005d4fe9669ad7874d6f0a03ec5968607150ba0bba7602bb76,fff8cafea2c77f79aec8fc34eb213078d48c099edcf4dd8e6a55b75a0ccab57a,e49f456691df71acf8cb87344b461e3a6a7d963a8d91bcd3c883c4acbc22b6aa,e6ec0b2792f4782ed3b8aa474496e0dcf68a4a24b1914acaaacba6b493abc69f,eb09f59698aab8e55935024355153da637c4b28d6f6f21c89de619fefab0bf0c,8993a89d31088c20f71195af92cba2fa908f59036d62021d642e23bced202c90,a96e33a8f61e101234bde603beb2c25efe1b786220b98e3eae14688f5ff276cd,1c995b1350bb4a290a5c917b727c27ba532df75f09eb61f551067cf6143a5ced
"1","18","1","4101501","2030/08/01 14:59:59","28501","28501","2025/02/15 16:00:00"
"2","18","1","4102501","2030/08/01 14:59:59","28501","28501","2025/02/15 16:00:00"
"3","18","1","4103501","2030/08/01 14:59:59","28501","28501","2025/02/15 16:00:00"
"4","18","1","4104501","2030/08/01 14:59:59","28501","28501","2025/02/15 16:00:00"
"5","18","1","4105501","2030/08/01 14:59:59","28501","28501","2025/02/15 16:00:00"
"6","18","1","4106501","2030/08/01 14:59:59","28501","28501","2025/02/15 16:00:00"
"7","18","1","4107501","2030/08/01 14:59:59","28501","28501","2025/02/15 16:00:00"
"8","18","1","4108501","2030/08/01 14:59:59","28501","28501","2025/02/15 16:00:00"
"9","18","1","4109501","2030/08/01 14:59:59","28501","28501","2025/02/15 16:00:00"
"10","18","1","4110501","2030/08/01 14:59:59","28501","28501","2025/02/15 16:00:00"
"1","18","1","4301511","2030/08/01 14:59:59","28502","28502","2026/08/13 16:00:00"
"2","18","1","4301512","2030/08/01 14:59:59","28502","28502","2026/08/13 16:00:00"
"3","18","1","4301513","2030/08/01 14:59:59","28502","28502","2026/08/13 16:00:00"
"4","18","1","4301514","2030/08/01 14:59:59","28502","28502","2026/08/13 16:00:00"
"5","18","1","4301515","2030/08/01 14:59:59","28502","28502","2026/08/13 16:00:00"
"6","18","1","4301516","2030/08/01 14:59:59","28502","28502","2026/08/13 16:00:00"
"7","18","1","4301517","2030/08/01 14:59:59","28502","28502","2026/08/13 16:00:00"
"8","18","1","4301518","2030/08/01 14:59:59","28502","28502","2026/08/13 16:00:00"
"9","18","1","4301519","2030/08/01 14:59:59","28502","28502","2026/08/13 16:00:00"
"10","18","1","4301520","2030/08/01 14:59:59","28502","28502","2026/08/13 16:00:00"
"11","18","1","4302511","2030/08/01 14:59:59","28502","28502","2026/08/13 16:00:00"
"12","18","1","4302512","2030/08/01 14:59:59","28502","28502","2026/08/13 16:00:00"
"13","18","1","4302513","2030/08/01 14:59:59","28502","28502","2026/08/13 16:00:00"
"14","18","1","4302514","2030/08/01 14:59:59","28502","28502","2026/08/13 16:00:00"
"15","18","1","4302515","2030/08/01 14:59:59","28502","28502","2026/08/13 16:00:00"
"16","18","1","4302516","2030/08/01 14:59:59","28502","28502","2026/08/13 16:00:00"
"17","18","1","4302517","2030/08/01 14:59:59","28502","28502","2026/08/13 16:00:00"
"18","18","1","4302518","2030/08/01 14:59:59","28502","28502","2026/08/13 16:00:00"
"19","18","1","4302519","2030/08/01 14:59:59","28502","28502","2026/08/13 16:00:00"
"20","18","1","4302520","2030/08/01 14:59:59","28502","28502","2026/08/13 16:00:00"
"21","18","1","4303511","2030/08/01 14:59:59","28502","28502","2026/08/13 16:00:00"
"22","18","1","4303512","2030/08/01 14:59:59","28502","28502","2026/08/13 16:00:00"
"23","18","1","4303513","2030/08/01 14:59:59","28502","28502","2026/08/13 16:00:00"
"24","18","1","4303514","2030/08/01 14:59:59","28502","28502","2026/08/13 16:00:00"
"25","18","1","4303515","2030/08/01 14:59:59","28502","28502","2026/08/13 16:00:00"
"26","18","1","4303516","2030/08/01 14:59:59","28502","28502","2026/08/13 16:00:00"
"27","18","1","4303517","2030/08/01 14:59:59","28502","28502","2026/08/13 16:00:00"
"28","18","1","4303518","2030/08/01 14:59:59","28502","28502","2026/08/13 16:00:00"
"29","18","1","4303519","2030/08/01 14:59:59","28502","28502","2026/08/13 16:00:00"
"30","18","1","4303520","2030/08/01 14:59:59","28502","28502","2026/08/13 16:00:00"
"31","18","1","4304511","2030/08/01 14:59:59","28502","28502","2026/08/13 16:00:00"
"32","18","1","4304512","2030/08/01 14:59:59","28502","28502","2026/08/13 16:00:00"
"33","18","1","4304513","2030/08/01 14:59:59","28502","28502","2026/08/13 16:00:00"
"34","18","1","4304514","2030/08/01 14:59:59","28502","28502","2026/08/13 16:00:00"
"35","18","1","4304515","2030/08/01 14:59:59","28502","28502","2026/08/13 16:00:00"
"36","18","1","4304516","2030/08/01 14:59:59","28502","28502","2026/08/13 16:00:00"
"37","18","1","4304517","2030/08/01 14:59:59","28502","28502","2026/08/13 16:00:00"
"38","18","1","4304518","2030/08/01 14:59:59","28502","28502","2026/08/13 16:00:00"
"39","18","1","4304519","2030/08/01 14:59:59","28502","28502","2026/08/13 16:00:00"
"40","18","1","4304520","2030/08/01 14:59:59","28502","28502","2026/08/13 16:00:00"
"41","18","1","4305511","2030/08/01 14:59:59","28502","28502","2026/08/13 16:00:00"
"42","18","1","4305512","2030/08/01 14:59:59","28502","28502","2026/08/13 16:00:00"
"43","18","1","4305513","2030/08/01 14:59:59","28502","28502","2026/08/13 16:00:00"
"44","18","1","4305514","2030/08/01 14:59:59","28502","28502","2026/08/13 16:00:00"
"45","18","1","4305515","2030/08/01 14:59:59","28502","28502","2026/08/13 16:00:00"
"46","18","1","4305516","2030/08/01 14:59:59","28502","28502","2026/08/13 16:00:00"
"47","18","1","4305517","2030/08/01 14:59:59","28502","28502","2026/08/13 16:00:00"
"48","18","1","4305518","2030/08/01 14:59:59","28502","28502","2026/08/13 16:00:00"
"49","18","1","4305519","2030/08/01 14:59:59","28502","28502","2026/08/13 16:00:00"
"50","18","1","4305520","2030/08/01 14:59:59","28502","28502","2026/08/13 16:00:00"
"1","18","1","4201501","2030/08/01 14:59:59","28503","28503","2025/12/25 16:00:00"
"2","18","1","4202501","2030/08/01 14:59:59","28503","28503","2025/12/25 16:00:00"
"3","18","1","4203501","2030/08/01 14:59:59","28503","28503","2025/12/25 16:00:00"
"4","18","1","4204501","2030/08/01 14:59:59","28503","28503","2025/12/25 16:00:00"
"1","18","1","4301601","2030/08/01 14:59:59","28504","28504","2026/07/06 11:00:00"
"2","18","1","4302601","2030/08/01 14:59:59","28504","28504","2026/07/06 11:00:00"
"3","18","1","4303601","2030/08/01 14:59:59","28504","28504","2026/07/06 11:00:00"
"4","18","1","4304601","2030/08/01 14:59:59","28504","28504","2026/07/06 11:00:00"
"5","18","1","4305601","2030/08/01 14:59:59","28504","28504","2026/07/06 11:00:00"