24344e533073ec9257b2d1650e4b7414fdc50f96ffc95cdf6669078be2018611,d0884ccd667cd175a14c856cf555edec7717fdd07acfdcff5204ac2ceac59eed,d35565ce076441ae07d31057df9c9fc4fead6bef8375b589b40f0791023e1b65,51f08f4ba899e76b27627aece095e4e3a01ad5ed51b70d4f263bd3a107f8fded
"20","1","20","2"
"30","1","30","3"
"50","2","80","3"
"80","3","160","3"
"60","1","60","4"
"100","2","160","4"
"180","3","340","4"
"360","4","700","4"
"500","5","1200","4"
"100","1","100","5"
"160","2","260","5"
"280","3","540","5"
"480","4","1020","5"
"780","5","1800","5"
"100","1","100","6"
"160","2","260","6"
"280","3","540","6"
"480","4","1020","6"
"780","5","1800","6"
"100","1","100","7"
"160","2","260","7"
"280","3","540","7"
"480","4","1020","7"
"780","5","1800","7"
"100","1","100","8"
"160","2","260","8"
"280","3","540","8"
"480","4","1020","8"
"780","5","1800","8"
"100","1","100","9"
"160","2","260","9"
"280","3","540","9"
"480","4","1020","9"
"780","5","1800","9"
"100","1","100","10"
"160","2","260","10"
"280","3","540","10"
"480","4","1020","10"
"780","5","1800","10"