8ddfcde41747c0eebdbde0eb08c175d185613bec2fb401431b8a7673c0965361,96e5a974bbec676bab7ba62684df35e6f419227aaf6ec665717076aef93b5a17,37df537868b6f0a83911b67363107ece59328b66cba0d88dcd9b025d43a63c72,c456190f9c96a6178fffff274d45fe7b307e07ff62516a3fdce14d9902f00f34,4bf30dade31563ae14271b66d4678adf239aaa6a85758709a04f80206bb308ac,d2c6813df1a0f85c6e1b660a5c319d6f199d928024213ec80cf745e5e5155134
"1","500","2","10","1","10"
"1","500","3","10","1","20"
"1","500","4","10","1","30"
"1","500","5","10","1","40"
"1","500","6","10","1","50"
"1","500","7","10","1","60"
"1","500","8","10","1","70"
"1","500","9","10","1","80"
"1","500","10","10","1","90"
"1","500","11","15","1","105"
"1","500","12","15","1","120"
"1","500","13","15","1","135"
"1","500","14","15","1","150"
"1","500","15","15","1","165"
"1","500","16","15","1","180"
"1","500","17","15","1","195"
"1","500","18","15","1","210"
"1","500","19","15","1","225"
"1","500","20","15","1","240"
"1","500","21","25","1","265"
"1","500","22","25","1","290"
"1","500","23","25","1","315"
"1","500","24","25","1","340"
"1","500","25","25","1","365"
"1","500","26","25","1","390"
"1","500","27","25","1","415"
"1","500","28","25","1","440"
"1","500","29","25","1","465"
"1","500","30","25","1","490"
"2","500","31","40","1","530"
"2","500","32","40","1","570"
"2","500","33","40","1","610"
"2","500","34","40","1","650"
"2","500","35","40","1","690"
"2","500","36","40","1","730"
"2","500","37","40","1","770"
"2","500","38","40","1","810"
"2","500","39","40","1","850"
"2","500","40","40","1","890"
"2","500","41","50","1","940"
"2","500","42","50","1","990"
"2","500","43","50","1","1040"
"2","500","44","50","1","1090"
"2","500","45","50","1","1140"
"2","500","46","50","1","1190"
"2","500","47","50","1","1240"
"2","500","48","50","1","1290"
"2","500","49","50","1","1340"
"2","500","50","50","1","1390"
"3","500","51","60","1","1450"
"3","500","52","60","1","1510"
"3","500","53","60","1","1570"
"3","500","54","60","1","1630"
"3","500","55","60","1","1690"
"3","500","56","60","1","1750"
"3","500","57","60","1","1810"
"3","500","58","60","1","1870"
"3","500","59","60","1","1930"
"3","500","60","60","1","1990"
"3","600","61","75","1","2065"
"3","600","62","75","1","2140"
"3","600","63","75","1","2215"
"3","600","64","75","1","2290"
"3","600","65","75","1","2365"
"3","600","66","75","1","2440"
"3","600","67","75","1","2515"
"3","600","68","75","1","2590"
"3","600","69","75","1","2665"
"3","600","70","75","1","2740"
"4","600","71","100","1","2840"
"4","600","72","100","1","2940"
"4","600","73","100","1","3040"
"4","600","74","100","1","3140"
"4","600","75","100","1","3240"
"4","600","76","100","1","3340"
"4","600","77","100","1","3440"
"4","600","78","100","1","3540"
"4","600","79","100","1","3640"
"4","600","80","100","1","3740"
"4","600","81","125","1","3865"
"4","600","82","125","1","3990"
"4","600","83","125","1","4115"
"4","600","84","125","1","4240"
"4","600","85","125","1","4365"
"4","600","86","125","1","4490"
"4","600","87","125","1","4615"
"4","600","88","125","1","4740"
"4","600","89","125","1","4865"
"4","600","90","125","1","4990"
"5","600","91","150","1","5140"
"5","600","92","150","1","5290"
"5","600","93","150","1","5440"
"5","600","94","150","1","5590"
"5","600","95","150","1","5740"
"5","600","96","150","1","5890"
"5","600","97","150","1","6040"
"5","600","98","150","1","6190"
"5","600","99","150","1","6340"
"5","600","100","150","1","6490"
"5","600","101","175","1","6665"
"5","600","102","175","1","6840"
"5","600","103","175","1","7015"
"5","600","104","175","1","7190"
"5","600","105","175","1","7365"
"5","600","106","175","1","7540"
"5","600","107","175","1","7715"
"5","600","108","175","1","7890"
"5","600","109","175","1","8065"
"5","600","110","175","1","8240"
"6","600","111","200","1","8440"
"6","600","112","200","1","8640"
"6","600","113","200","1","8840"
"6","600","114","200","1","9040"
"6","600","115","200","1","9240"
"6","600","116","200","1","9440"
"6","600","117","200","1","9640"
"6","600","118","200","1","9840"
"6","600","119","200","1","10040"
"6","600","120","200","1","10240"
"6","600","121","225","1","10465"
"6","600","122","225","1","10690"
"6","600","123","225","1","10915"
"6","600","124","225","1","11140"
"6","600","125","225","1","11365"
"6","600","126","225","1","11590"
"6","600","127","225","1","11815"
"6","600","128","225","1","12040"
"6","600","129","225","1","12265"
"6","600","130","225","1","12490"
"7","600","131","250","1","12740"
"7","600","132","250","1","12990"
"7","600","133","250","1","13240"
"7","600","134","250","1","13490"
"7","600","135","250","1","13740"
"7","600","136","250","1","13990"
"7","600","137","250","1","14240"
"7","600","138","250","1","14490"
"7","600","139","250","1","14740"
"7","600","140","250","1","14990"
"8","600","141","250","1","15240"
"8","600","142","250","1","15490"
"8","600","143","250","1","15740"
"8","600","144","250","1","15990"
"8","600","145","250","1","16240"
"8","600","146","250","1","16490"
"8","600","147","250","1","16740"
"8","600","148","250","1","16990"
"8","600","149","250","1","17240"
"8","600","150","250","1","17490"
"9","600","151","250","1","17740"
"9","600","152","250","1","17990"
"9","600","153","250","1","18240"
"9","600","154","250","1","18490"
"9","600","155","250","1","18740"
"9","600","156","250","1","18990"
"9","600","157","250","1","19240"
"9","600","158","250","1","19490"
"9","600","159","250","1","19740"
"9","600","160","250","1","19990"
"10","600","161","250","1","20240"
"10","600","162","250","1","20490"
"10","600","163","250","1","20740"
"10","600","164","250","1","20990"
"10","600","165","250","1","21240"
"10","600","166","250","1","21490"
"10","600","167","250","1","21740"
"10","600","168","250","1","21990"
"10","600","169","250","1","22240"
"10","600","170","250","1","22490"
"11","600","171","250","1","22740"
"11","600","172","250","1","22990"
"11","600","173","250","1","23240"
"11","600","174","250","1","23490"
"11","600","175","250","1","23740"
"11","600","176","250","1","23990"
"11","600","177","250","1","24240"
"11","600","178","250","1","24490"
"11","600","179","250","1","24740"
"11","600","180","250","1","24990"
"12","600","181","250","1","25240"
"12","600","182","250","1","25490"
"12","600","183","250","1","25740"
"12","600","184","250","1","25990"
"12","600","185","250","1","26240"
"12","600","186","250","1","26490"
"12","600","187","250","1","26740"
"12","600","188","250","1","26990"
"12","600","189","250","1","27240"
"12","600","190","250","1","27490"
"13","600","191","250","1","27740"
"13","600","192","250","1","27990"
"13","600","193","250","1","28240"
"13","600","194","250","1","28490"
"13","600","195","250","1","28740"
"13","600","196","250","1","28990"
"13","600","197","250","1","29240"
"13","600","198","250","1","29490"
"13","600","199","250","1","29740"
"13","600","200","250","1","29990"
"14","600","201","250","1","30240"
"14","600","202","250","1","30490"
"14","600","203","250","1","30740"
"14","600","204","250","1","30990"
"14","600","205","250","1","31240"
"14","600","206","250","1","31490"
"14","600","207","250","1","31740"
"14","600","208","250","1","31990"
"14","600","209","250","1","32240"
"14","600","210","250","1","32490"
"15","680","211","250","1","32740"
"15","680","212","250","1","32990"
"15","680","213","250","1","33240"
"15","680","214","250","1","33490"
"15","680","215","250","1","33740"
"15","680","216","250","1","33990"
"15","680","217","250","1","34240"
"15","680","218","250","1","34490"
"15","680","219","250","1","34740"
"15","680","220","250","1","34990"
"16","680","221","250","1","35240"
"16","680","222","250","1","35490"
"16","680","223","250","1","35740"
"16","680","224","250","1","35990"
"16","680","225","250","1","36240"
"16","680","226","250","1","36490"
"16","680","227","250","1","36740"
"16","680","228","250","1","36990"
"16","680","229","250","1","37240"
"16","680","230","250","1","37490"
"17","680","231","250","1","37740"
"17","680","232","250","1","37990"
"17","680","233","250","1","38240"
"17","680","234","250","1","38490"
"17","680","235","250","1","38740"
"17","680","236","250","1","38990"
"17","680","237","250","1","39240"
"17","680","238","250","1","39490"
"17","680","239","250","1","39740"
"17","680","240","250","1","39990"
"18","680","241","250","1","40240"
"18","680","242","250","1","40490"
"18","680","243","250","1","40740"
"18","680","244","250","1","40990"
"18","680","245","250","1","41240"
"18","680","246","250","1","41490"
"18","680","247","250","1","41740"
"18","680","248","250","1","41990"
"18","680","249","250","1","42240"
"18","680","250","250","1","42490"
"19","680","251","250","1","42740"
"19","680","252","250","1","42990"
"19","680","253","250","1","43240"
"19","680","254","250","1","43490"
"19","680","255","250","1","43740"
"19","680","256","250","1","43990"
"19","680","257","250","1","44240"
"19","680","258","250","1","44490"
"19","680","259","250","1","44740"
"19","680","260","250","1","44990"
"20","680","261","250","1","45240"
"20","680","262","250","1","45490"
"20","680","263","250","1","45740"
"20","680","264","250","1","45990"
"20","680","265","250","1","46240"
"20","680","266","250","1","46490"
"20","680","267","250","1","46740"
"20","680","268","250","1","46990"
"20","680","269","250","1","47240"
"20","680","270","250","1","47490"
"21","680","271","250","1","47740"
"21","680","272","250","1","47990"
"21","680","273","250","1","48240"
"21","680","274","250","1","48490"
"21","680","275","250","1","48740"
"21","680","276","250","1","48990"
"21","680","277","250","1","49240"
"21","680","278","250","1","49490"
"21","680","279","250","1","49740"
"21","680","280","250","1","49990"
"22","680","281","250","1","50240"
"22","680","282","250","1","50490"
"22","680","283","250","1","50740"
"22","680","284","250","1","50990"
"22","680","285","250","1","51240"
"22","680","286","250","1","51490"
"22","680","287","250","1","51740"
"22","680","288","250","1","51990"
"22","680","289","250","1","52240"
"22","680","290","250","1","52490"
"23","680","291","250","1","52740"
"23","680","292","250","1","52990"
"23","680","293","250","1","53240"
"23","680","294","250","1","53490"
"23","680","295","250","1","53740"
"23","680","296","250","1","53990"
"23","680","297","250","1","54240"
"23","680","298","250","1","54490"
"23","680","299","250","1","54740"
"23","680","300","250","1","54990"
"24","680","301","250","1","55240"
"24","680","302","250","1","55490"
"24","680","303","250","1","55740"
"24","680","304","250","1","55990"
"24","680","305","250","1","56240"
"24","680","306","250","1","56490"
"24","680","307","250","1","56740"
"24","680","308","250","1","56990"
"24","680","309","250","1","57240"
"24","680","310","250","1","57490"
"25","680","311","250","1","57740"
"25","680","312","250","1","57990"
"25","680","313","250","1","58240"
"25","680","314","250","1","58490"
"25","680","315","250","1","58740"
"25","680","316","250","1","58990"
"25","680","317","250","1","59240"
"25","680","318","250","1","59490"
"25","680","319","250","1","59740"
"25","680","320","250","1","59990"
"26","680","321","250","1","60240"
"26","680","322","250","1","60490"
"26","680","323","250","1","60740"
"26","680","324","250","1","60990"
"26","680","325","250","1","61240"
"26","680","326","250","1","61490"
"26","680","327","250","1","61740"
"26","680","328","250","1","61990"
"26","680","329","250","1","62240"
"26","680","330","250","1","62490"
"27","680","331","250","1","62740"
"27","680","332","250","1","62990"
"27","680","333","250","1","63240"
"27","680","334","250","1","63490"
"27","680","335","250","1","63740"
"27","680","336","250","1","63990"
"27","680","337","250","1","64240"
"27","680","338","250","1","64490"
"27","680","339","250","1","64740"
"27","680","340","250","1","64990"
"28","680","341","250","1","65240"
"28","680","342","250","1","65490"
"28","680","343","250","1","65740"
"28","680","344","250","1","65990"
"28","680","345","250","1","66240"
"28","680","346","250","1","66490"
"28","680","347","250","1","66740"
"28","680","348","250","1","66990"
"28","680","349","250","1","67240"
"28","680","350","250","1","67490"
"1","200000","0","50","2","50"
"1","500000","1","10","2","60"
"1","500000","2","15","2","75"
"1","500000","3","20","2","95"
"1","500000","4","25","2","120"
"1","500000","5","30","2","150"