c6d959d107942dc1b391acad1653a0f6f0dd6e701d7221e16d223b9ec13ed726,95f28a74a0c1daba3153c87340130ed4e6ac45401cab575bde8e335828f0a3db,4a6abc7963e16ecf15bfc06478a91cbc143aa0d21191c21a27521d1a5f15ba22,d8c4324fe698cde944ad6e9cd40a0072ef9c4bf6abd4a9ab72067193ff348404,4329e5b89a8001f41d74725012c4fdf97ac5edcacf66cc3ada349c8af09b8583,d033eedd67800a624a5a81d9da5003d9610513fd567c4fe366936274122693d9
"5106601","8","45","平安夜的幽靈×吸血鬼","91002","10106"
"5106602","8","45","小小聖誕老人的禮物","91002","10106"
"5106603","8","45","啊，美麗的聖誕節","91002","10106"
"5106604","8","45","閃耀！聖誕演唱會","91002","10106"
"5106605","8","45","請小心天使占卜","91002","10106"
"5106606","8","45","聖誕老人與毛茸茸馴鹿","91002","10106"
"5106607","8","45","只要有姐姐的愛","91002","10106"
"5106608","8","45","無法坦率的聖誕節","91002","10106"
"5106609","8","45","掌握新事業！","91002","10106"
"5106610","8","45","純淨心靈的聖誕節","91002","10106"