e39627ca5b10a5934ecd6d1b1157aa7b2d90153ff91e0daae54ba7fcb925cae3,2d9d1b794ebedd471a8cc41b222601cc1d9d1ab23eb580f94a2daf237ade61bd,696ec6d2471ccafec7151da6748d4a17923774d278e900159d0c92428405fe2e,e2468f6192d8dc6111f6c1ac84e4d724836f13053492ab262b43a4bc0e99a986
"1","20","2","20"
"1","30","3","30"
"2","80","3","50"
"3","160","3","80"
"1","60","4","60"
"2","160","4","100"
"3","340","4","180"
"4","700","4","360"
"5","1200","4","500"
"1","100","5","100"
"2","260","5","160"
"3","540","5","280"
"4","1020","5","480"
"5","1800","5","780"
"1","100","6","100"
"2","260","6","160"
"3","540","6","280"
"4","1020","6","480"
"5","1800","6","780"
"1","100","7","100"
"2","260","7","160"
"3","540","7","280"
"4","1020","7","480"
"5","1800","7","780"
"1","100","8","100"
"2","260","8","160"
"3","540","8","280"
"4","1020","8","480"
"5","1800","8","780"
"1","100","9","100"
"2","260","9","160"
"3","540","9","280"
"4","1020","9","480"
"5","1800","9","780"
"1","100","10","100"
"2","260","10","160"
"3","540","10","280"
"4","1020","10","480"
"5","1800","10","780"