436aa13d6b82ef5fb19a9d5c9dbe1e39039d967b4cd467aacfe63a58b465fcd6,644a46d77a6ddba9a28161d8a3c19fbaab05c3a27bd55fdbfa25b3bfa0795e94,807850de83f1bc4e18be830c4a7c185278e09f0eff83f57381b22e8f8ce416c6,61ad3ca96f01a4a0932c25f574b4f6e04f3b39e76429b54ea33d75fe8d8f13fb,c3024e72cf49de396a61f4a4336751fc854dea77d8d2e29c6b6788773c44e884,c0c667867a789a8ee623addf0be2e32a6b676fce9e9521749926a32b8fb2b8cb
"500","10","1","2","10","1"
"500","10","1","3","20","1"
"500","10","1","4","30","1"
"500","10","1","5","40","1"
"500","10","1","6","50","1"
"500","10","1","7","60","1"
"500","10","1","8","70","1"
"500","10","1","9","80","1"
"500","10","1","10","90","1"
"500","15","1","11","105","1"
"500","15","1","12","120","1"
"500","15","1","13","135","1"
"500","15","1","14","150","1"
"500","15","1","15","165","1"
"500","15","1","16","180","1"
"500","15","1","17","195","1"
"500","15","1","18","210","1"
"500","15","1","19","225","1"
"500","15","1","20","240","1"
"500","25","1","21","265","1"
"500","25","1","22","290","1"
"500","25","1","23","315","1"
"500","25","1","24","340","1"
"500","25","1","25","365","1"
"500","25","1","26","390","1"
"500","25","1","27","415","1"
"500","25","1","28","440","1"
"500","25","1","29","465","1"
"500","25","1","30","490","1"
"500","40","1","31","530","2"
"500","40","1","32","570","2"
"500","40","1","33","610","2"
"500","40","1","34","650","2"
"500","40","1","35","690","2"
"500","40","1","36","730","2"
"500","40","1","37","770","2"
"500","40","1","38","810","2"
"500","40","1","39","850","2"
"500","40","1","40","890","2"
"500","50","1","41","940","2"
"500","50","1","42","990","2"
"500","50","1","43","1040","2"
"500","50","1","44","1090","2"
"500","50","1","45","1140","2"
"500","50","1","46","1190","2"
"500","50","1","47","1240","2"
"500","50","1","48","1290","2"
"500","50","1","49","1340","2"
"500","50","1","50","1390","2"
"500","60","1","51","1450","3"
"500","60","1","52","1510","3"
"500","60","1","53","1570","3"
"500","60","1","54","1630","3"
"500","60","1","55","1690","3"
"500","60","1","56","1750","3"
"500","60","1","57","1810","3"
"500","60","1","58","1870","3"
"500","60","1","59","1930","3"
"500","60","1","60","1990","3"
"600","75","1","61","2065","3"
"600","75","1","62","2140","3"
"600","75","1","63","2215","3"
"600","75","1","64","2290","3"
"600","75","1","65","2365","3"
"600","75","1","66","2440","3"
"600","75","1","67","2515","3"
"600","75","1","68","2590","3"
"600","75","1","69","2665","3"
"600","75","1","70","2740","3"
"600","100","1","71","2840","4"
"600","100","1","72","2940","4"
"600","100","1","73","3040","4"
"600","100","1","74","3140","4"
"600","100","1","75","3240","4"
"600","100","1","76","3340","4"
"600","100","1","77","3440","4"
"600","100","1","78","3540","4"
"600","100","1","79","3640","4"
"600","100","1","80","3740","4"
"600","125","1","81","3865","4"
"600","125","1","82","3990","4"
"600","125","1","83","4115","4"
"600","125","1","84","4240","4"
"600","125","1","85","4365","4"
"600","125","1","86","4490","4"
"600","125","1","87","4615","4"
"600","125","1","88","4740","4"
"600","125","1","89","4865","4"
"600","125","1","90","4990","4"
"600","150","1","91","5140","5"
"600","150","1","92","5290","5"
"600","150","1","93","5440","5"
"600","150","1","94","5590","5"
"600","150","1","95","5740","5"
"600","150","1","96","5890","5"
"600","150","1","97","6040","5"
"600","150","1","98","6190","5"
"600","150","1","99","6340","5"
"600","150","1","100","6490","5"
"600","175","1","101","6665","5"
"600","175","1","102","6840","5"
"600","175","1","103","7015","5"
"600","175","1","104","7190","5"
"600","175","1","105","7365","5"
"600","175","1","106","7540","5"
"600","175","1","107","7715","5"
"600","175","1","108","7890","5"
"600","175","1","109","8065","5"
"600","175","1","110","8240","5"
"600","200","1","111","8440","6"
"600","200","1","112","8640","6"
"600","200","1","113","8840","6"
"600","200","1","114","9040","6"
"600","200","1","115","9240","6"
"600","200","1","116","9440","6"
"600","200","1","117","9640","6"
"600","200","1","118","9840","6"
"600","200","1","119","10040","6"
"600","200","1","120","10240","6"
"600","225","1","121","10465","6"
"600","225","1","122","10690","6"
"600","225","1","123","10915","6"
"600","225","1","124","11140","6"
"600","225","1","125","11365","6"
"600","225","1","126","11590","6"
"600","225","1","127","11815","6"
"600","225","1","128","12040","6"
"600","225","1","129","12265","6"
"600","225","1","130","12490","6"
"600","250","1","131","12740","7"
"600","250","1","132","12990","7"
"600","250","1","133","13240","7"
"600","250","1","134","13490","7"
"600","250","1","135","13740","7"
"600","250","1","136","13990","7"
"600","250","1","137","14240","7"
"600","250","1","138","14490","7"
"600","250","1","139","14740","7"
"600","250","1","140","14990","7"
"600","250","1","141","15240","8"
"600","250","1","142","15490","8"
"600","250","1","143","15740","8"
"600","250","1","144","15990","8"
"600","250","1","145","16240","8"
"600","250","1","146","16490","8"
"600","250","1","147","16740","8"
"600","250","1","148","16990","8"
"600","250","1","149","17240","8"
"600","250","1","150","17490","8"
"600","250","1","151","17740","9"
"600","250","1","152","17990","9"
"600","250","1","153","18240","9"
"600","250","1","154","18490","9"
"600","250","1","155","18740","9"
"600","250","1","156","18990","9"
"600","250","1","157","19240","9"
"600","250","1","158","19490","9"
"600","250","1","159","19740","9"
"600","250","1","160","19990","9"
"600","250","1","161","20240","10"
"600","250","1","162","20490","10"
"600","250","1","163","20740","10"
"600","250","1","164","20990","10"
"600","250","1","165","21240","10"
"600","250","1","166","21490","10"
"600","250","1","167","21740","10"
"600","250","1","168","21990","10"
"600","250","1","169","22240","10"
"600","250","1","170","22490","10"
"600","250","1","171","22740","11"
"600","250","1","172","22990","11"
"600","250","1","173","23240","11"
"600","250","1","174","23490","11"
"600","250","1","175","23740","11"
"600","250","1","176","23990","11"
"600","250","1","177","24240","11"
"600","250","1","178","24490","11"
"600","250","1","179","24740","11"
"600","250","1","180","24990","11"
"600","250","1","181","25240","12"
"600","250","1","182","25490","12"
"600","250","1","183","25740","12"
"600","250","1","184","25990","12"
"600","250","1","185","26240","12"
"600","250","1","186","26490","12"
"600","250","1","187","26740","12"
"600","250","1","188","26990","12"
"600","250","1","189","27240","12"
"600","250","1","190","27490","12"
"600","250","1","191","27740","13"
"600","250","1","192","27990","13"
"600","250","1","193","28240","13"
"600","250","1","194","28490","13"
"600","250","1","195","28740","13"
"600","250","1","196","28990","13"
"600","250","1","197","29240","13"
"600","250","1","198","29490","13"
"600","250","1","199","29740","13"
"600","250","1","200","29990","13"
"600","250","1","201","30240","14"
"600","250","1","202","30490","14"
"600","250","1","203","30740","14"
"600","250","1","204","30990","14"
"600","250","1","205","31240","14"
"600","250","1","206","31490","14"
"600","250","1","207","31740","14"
"600","250","1","208","31990","14"
"600","250","1","209","32240","14"
"600","250","1","210","32490","14"
"680","250","1","211","32740","15"
"680","250","1","212","32990","15"
"680","250","1","213","33240","15"
"680","250","1","214","33490","15"
"680","250","1","215","33740","15"
"680","250","1","216","33990","15"
"680","250","1","217","34240","15"
"680","250","1","218","34490","15"
"680","250","1","219","34740","15"
"680","250","1","220","34990","15"
"680","250","1","221","35240","16"
"680","250","1","222","35490","16"
"680","250","1","223","35740","16"
"680","250","1","224","35990","16"
"680","250","1","225","36240","16"
"680","250","1","226","36490","16"
"680","250","1","227","36740","16"
"680","250","1","228","36990","16"
"680","250","1","229","37240","16"
"680","250","1","230","37490","16"
"680","250","1","231","37740","17"
"680","250","1","232","37990","17"
"680","250","1","233","38240","17"
"680","250","1","234","38490","17"
"680","250","1","235","38740","17"
"680","250","1","236","38990","17"
"680","250","1","237","39240","17"
"680","250","1","238","39490","17"
"680","250","1","239","39740","17"
"680","250","1","240","39990","17"
"680","250","1","241","40240","18"
"680","250","1","242","40490","18"
"680","250","1","243","40740","18"
"680","250","1","244","40990","18"
"680","250","1","245","41240","18"
"680","250","1","246","41490","18"
"680","250","1","247","41740","18"
"680","250","1","248","41990","18"
"680","250","1","249","42240","18"
"680","250","1","250","42490","18"
"680","250","1","251","42740","19"
"680","250","1","252","42990","19"
"680","250","1","253","43240","19"
"680","250","1","254","43490","19"
"680","250","1","255","43740","19"
"680","250","1","256","43990","19"
"680","250","1","257","44240","19"
"680","250","1","258","44490","19"
"680","250","1","259","44740","19"
"680","250","1","260","44990","19"
"680","250","1","261","45240","20"
"680","250","1","262","45490","20"
"680","250","1","263","45740","20"
"680","250","1","264","45990","20"
"680","250","1","265","46240","20"
"680","250","1","266","46490","20"
"680","250","1","267","46740","20"
"680","250","1","268","46990","20"
"680","250","1","269","47240","20"
"680","250","1","270","47490","20"
"680","250","1","271","47740","21"
"680","250","1","272","47990","21"
"680","250","1","273","48240","21"
"680","250","1","274","48490","21"
"680","250","1","275","48740","21"
"680","250","1","276","48990","21"
"680","250","1","277","49240","21"
"680","250","1","278","49490","21"
"680","250","1","279","49740","21"
"680","250","1","280","49990","21"
"680","250","1","281","50240","22"
"680","250","1","282","50490","22"
"680","250","1","283","50740","22"
"680","250","1","284","50990","22"
"680","250","1","285","51240","22"
"680","250","1","286","51490","22"
"680","250","1","287","51740","22"
"680","250","1","288","51990","22"
"680","250","1","289","52240","22"
"680","250","1","290","52490","22"
"680","250","1","291","52740","23"
"680","250","1","292","52990","23"
"680","250","1","293","53240","23"
"680","250","1","294","53490","23"
"680","250","1","295","53740","23"
"680","250","1","296","53990","23"
"680","250","1","297","54240","23"
"680","250","1","298","54490","23"
"680","250","1","299","54740","23"
"680","250","1","300","54990","23"
"680","250","1","301","55240","24"
"680","250","1","302","55490","24"
"680","250","1","303","55740","24"
"680","250","1","304","55990","24"
"680","250","1","305","56240","24"
"680","250","1","306","56490","24"
"680","250","1","307","56740","24"
"680","250","1","308","56990","24"
"680","250","1","309","57240","24"
"680","250","1","310","57490","24"
"680","250","1","311","57740","25"
"680","250","1","312","57990","25"
"680","250","1","313","58240","25"
"680","250","1","314","58490","25"
"680","250","1","315","58740","25"
"680","250","1","316","58990","25"
"680","250","1","317","59240","25"
"680","250","1","318","59490","25"
"680","250","1","319","59740","25"
"680","250","1","320","59990","25"
"200000","50","2","0","50","1"
"500000","10","2","1","60","1"
"500000","15","2","2","75","1"
"500000","20","2","3","95","1"
"500000","25","2","4","120","1"
"500000","30","2","5","150","1"