1c5f63ac57b95c68e12bcef6215d7633592c2309c458f6cc3d649291645fe134,1530d33c1c5d54049611ca094e8a6b3a3f9a597fd507e2deb0a227ef8869fbe2,c4db9c73892e37c65803fe78b954c99fade843aaf6c89aec0490878782ac9c75,dd990e242f43bc8cee4f448f5257672dd2fb9b4d8c14435036fa91b99b08e129,910dc3d83da153d61439c07e146cd9b76c66f252da11deaf265f94bcc8d496cf,a0e4ca828ebbbdd7c165e8e5c18096a61fb248588f6cf346b61a51a09ebf802d
"1","2","10","10","500","1"
"1","3","10","20","500","1"
"1","4","10","30","500","1"
"1","5","10","40","500","1"
"1","6","10","50","500","1"
"1","7","10","60","500","1"
"1","8","10","70","500","1"
"1","9","10","80","500","1"
"1","10","10","90","500","1"
"1","11","15","105","500","1"
"1","12","15","120","500","1"
"1","13","15","135","500","1"
"1","14","15","150","500","1"
"1","15","15","165","500","1"
"1","16","15","180","500","1"
"1","17","15","195","500","1"
"1","18","15","210","500","1"
"1","19","15","225","500","1"
"1","20","15","240","500","1"
"1","21","25","265","500","1"
"1","22","25","290","500","1"
"1","23","25","315","500","1"
"1","24","25","340","500","1"
"1","25","25","365","500","1"
"1","26","25","390","500","1"
"1","27","25","415","500","1"
"1","28","25","440","500","1"
"1","29","25","465","500","1"
"1","30","25","490","500","1"
"1","31","40","530","500","2"
"1","32","40","570","500","2"
"1","33","40","610","500","2"
"1","34","40","650","500","2"
"1","35","40","690","500","2"
"1","36","40","730","500","2"
"1","37","40","770","500","2"
"1","38","40","810","500","2"
"1","39","40","850","500","2"
"1","40","40","890","500","2"
"1","41","50","940","500","2"
"1","42","50","990","500","2"
"1","43","50","1040","500","2"
"1","44","50","1090","500","2"
"1","45","50","1140","500","2"
"1","46","50","1190","500","2"
"1","47","50","1240","500","2"
"1","48","50","1290","500","2"
"1","49","50","1340","500","2"
"1","50","50","1390","500","2"
"1","51","60","1450","500","3"
"1","52","60","1510","500","3"
"1","53","60","1570","500","3"
"1","54","60","1630","500","3"
"1","55","60","1690","500","3"
"1","56","60","1750","500","3"
"1","57","60","1810","500","3"
"1","58","60","1870","500","3"
"1","59","60","1930","500","3"
"1","60","60","1990","500","3"
"1","61","75","2065","600","3"
"1","62","75","2140","600","3"
"1","63","75","2215","600","3"
"1","64","75","2290","600","3"
"1","65","75","2365","600","3"
"1","66","75","2440","600","3"
"1","67","75","2515","600","3"
"1","68","75","2590","600","3"
"1","69","75","2665","600","3"
"1","70","75","2740","600","3"
"1","71","100","2840","600","4"
"1","72","100","2940","600","4"
"1","73","100","3040","600","4"
"1","74","100","3140","600","4"
"1","75","100","3240","600","4"
"1","76","100","3340","600","4"
"1","77","100","3440","600","4"
"1","78","100","3540","600","4"
"1","79","100","3640","600","4"
"1","80","100","3740","600","4"
"1","81","125","3865","600","4"
"1","82","125","3990","600","4"
"1","83","125","4115","600","4"
"1","84","125","4240","600","4"
"1","85","125","4365","600","4"
"1","86","125","4490","600","4"
"1","87","125","4615","600","4"
"1","88","125","4740","600","4"
"1","89","125","4865","600","4"
"1","90","125","4990","600","4"
"1","91","150","5140","600","5"
"1","92","150","5290","600","5"
"1","93","150","5440","600","5"
"1","94","150","5590","600","5"
"1","95","150","5740","600","5"
"1","96","150","5890","600","5"
"1","97","150","6040","600","5"
"1","98","150","6190","600","5"
"1","99","150","6340","600","5"
"1","100","150","6490","600","5"
"1","101","175","6665","600","5"
"1","102","175","6840","600","5"
"1","103","175","7015","600","5"
"1","104","175","7190","600","5"
"1","105","175","7365","600","5"
"1","106","175","7540","600","5"
"1","107","175","7715","600","5"
"1","108","175","7890","600","5"
"1","109","175","8065","600","5"
"1","110","175","8240","600","5"
"1","111","200","8440","600","6"
"1","112","200","8640","600","6"
"1","113","200","8840","600","6"
"1","114","200","9040","600","6"
"1","115","200","9240","600","6"
"1","116","200","9440","600","6"
"1","117","200","9640","600","6"
"1","118","200","9840","600","6"
"1","119","200","10040","600","6"
"1","120","200","10240","600","6"
"1","121","225","10465","600","6"
"1","122","225","10690","600","6"
"1","123","225","10915","600","6"
"1","124","225","11140","600","6"
"1","125","225","11365","600","6"
"1","126","225","11590","600","6"
"1","127","225","11815","600","6"
"1","128","225","12040","600","6"
"1","129","225","12265","600","6"
"1","130","225","12490","600","6"
"1","131","250","12740","600","7"
"1","132","250","12990","600","7"
"1","133","250","13240","600","7"
"1","134","250","13490","600","7"
"1","135","250","13740","600","7"
"1","136","250","13990","600","7"
"1","137","250","14240","600","7"
"1","138","250","14490","600","7"
"1","139","250","14740","600","7"
"1","140","250","14990","600","7"
"1","141","250","15240","600","8"
"1","142","250","15490","600","8"
"1","143","250","15740","600","8"
"1","144","250","15990","600","8"
"1","145","250","16240","600","8"
"1","146","250","16490","600","8"
"1","147","250","16740","600","8"
"1","148","250","16990","600","8"
"1","149","250","17240","600","8"
"1","150","250","17490","600","8"
"1","151","250","17740","600","9"
"1","152","250","17990","600","9"
"1","153","250","18240","600","9"
"1","154","250","18490","600","9"
"1","155","250","18740","600","9"
"1","156","250","18990","600","9"
"1","157","250","19240","600","9"
"1","158","250","19490","600","9"
"1","159","250","19740","600","9"
"1","160","250","19990","600","9"
"1","161","250","20240","600","10"
"1","162","250","20490","600","10"
"1","163","250","20740","600","10"
"1","164","250","20990","600","10"
"1","165","250","21240","600","10"
"1","166","250","21490","600","10"
"1","167","250","21740","600","10"
"1","168","250","21990","600","10"
"1","169","250","22240","600","10"
"1","170","250","22490","600","10"
"1","171","250","22740","600","11"
"1","172","250","22990","600","11"
"1","173","250","23240","600","11"
"1","174","250","23490","600","11"
"1","175","250","23740","600","11"
"1","176","250","23990","600","11"
"1","177","250","24240","600","11"
"1","178","250","24490","600","11"
"1","179","250","24740","600","11"
"1","180","250","24990","600","11"
"1","181","250","25240","600","12"
"1","182","250","25490","600","12"
"1","183","250","25740","600","12"
"1","184","250","25990","600","12"
"1","185","250","26240","600","12"
"1","186","250","26490","600","12"
"1","187","250","26740","600","12"
"1","188","250","26990","600","12"
"1","189","250","27240","600","12"
"1","190","250","27490","600","12"
"1","191","250","27740","600","13"
"1","192","250","27990","600","13"
"1","193","250","28240","600","13"
"1","194","250","28490","600","13"
"1","195","250","28740","600","13"
"1","196","250","28990","600","13"
"1","197","250","29240","600","13"
"1","198","250","29490","600","13"
"1","199","250","29740","600","13"
"1","200","250","29990","600","13"
"1","201","250","30240","600","14"
"1","202","250","30490","600","14"
"1","203","250","30740","600","14"
"1","204","250","30990","600","14"
"1","205","250","31240","600","14"
"1","206","250","31490","600","14"
"1","207","250","31740","600","14"
"1","208","250","31990","600","14"
"1","209","250","32240","600","14"
"1","210","250","32490","600","14"
"1","211","250","32740","680","15"
"1","212","250","32990","680","15"
"1","213","250","33240","680","15"
"1","214","250","33490","680","15"
"1","215","250","33740","680","15"
"1","216","250","33990","680","15"
"1","217","250","34240","680","15"
"1","218","250","34490","680","15"
"1","219","250","34740","680","15"
"1","220","250","34990","680","15"
"1","221","250","35240","680","16"
"1","222","250","35490","680","16"
"1","223","250","35740","680","16"
"1","224","250","35990","680","16"
"1","225","250","36240","680","16"
"1","226","250","36490","680","16"
"1","227","250","36740","680","16"
"1","228","250","36990","680","16"
"1","229","250","37240","680","16"
"1","230","250","37490","680","16"
"1","231","250","37740","680","17"
"1","232","250","37990","680","17"
"1","233","250","38240","680","17"
"1","234","250","38490","680","17"
"1","235","250","38740","680","17"
"1","236","250","38990","680","17"
"1","237","250","39240","680","17"
"1","238","250","39490","680","17"
"1","239","250","39740","680","17"
"1","240","250","39990","680","17"
"1","241","250","40240","680","18"
"1","242","250","40490","680","18"
"1","243","250","40740","680","18"
"1","244","250","40990","680","18"
"1","245","250","41240","680","18"
"1","246","250","41490","680","18"
"1","247","250","41740","680","18"
"1","248","250","41990","680","18"
"1","249","250","42240","680","18"
"1","250","250","42490","680","18"
"1","251","250","42740","680","19"
"1","252","250","42990","680","19"
"1","253","250","43240","680","19"
"1","254","250","43490","680","19"
"1","255","250","43740","680","19"
"1","256","250","43990","680","19"
"1","257","250","44240","680","19"
"1","258","250","44490","680","19"
"1","259","250","44740","680","19"
"1","260","250","44990","680","19"
"1","261","250","45240","680","20"
"1","262","250","45490","680","20"
"1","263","250","45740","680","20"
"1","264","250","45990","680","20"
"1","265","250","46240","680","20"
"1","266","250","46490","680","20"
"1","267","250","46740","680","20"
"1","268","250","46990","680","20"
"1","269","250","47240","680","20"
"1","270","250","47490","680","20"
"1","271","250","47740","680","21"
"1","272","250","47990","680","21"
"1","273","250","48240","680","21"
"1","274","250","48490","680","21"
"1","275","250","48740","680","21"
"1","276","250","48990","680","21"
"1","277","250","49240","680","21"
"1","278","250","49490","680","21"
"1","279","250","49740","680","21"
"1","280","250","49990","680","21"
"1","281","250","50240","680","22"
"1","282","250","50490","680","22"
"1","283","250","50740","680","22"
"1","284","250","50990","680","22"
"1","285","250","51240","680","22"
"1","286","250","51490","680","22"
"1","287","250","51740","680","22"
"1","288","250","51990","680","22"
"1","289","250","52240","680","22"
"1","290","250","52490","680","22"
"2","0","50","50","200000","1"
"2","1","10","60","500000","1"
"2","2","15","75","500000","1"
"2","3","20","95","500000","1"
"2","4","25","120","500000","1"
"2","5","30","150","500000","1"