306954af60d4a1daffe1c247678c4f441357afc01e6df663a835486292c01870,e4e34b756f057ba579247ebe4beef9464cd4d1e0c995f71cb94a265129e9b5e8,ca347b4793ea59dc1d5cd7db6152165067a2c960cdd4de66d1c7043684c92fb0,d3442c7afb24339fbb0d79c060b50f75b4dca65bf970f596641f1aeb2ca61c35,d42d65a262accc720395999ed88a094609c6058a6498cfe0405a30252c53d222,17cc71002175acfc5e61fd4ad782e98bbc7b1dd5588ab261daf7a197e61999cf,e654180ee5e1969caa783811ce91109a72265fbfe07e23324cc706fddaac7238,db2be72d332631e7181fdb0cb678b88e66ee828bb287f11e3d68ba2eacb6fb6d,3241ab5a2e7eb72d2f674e29d30a28e2a39450e080c76f877d73a8f5605bec0a,e810d990df15d626612f4d20a58a354cdd4a37b8d5beeb2c010e4a548e105ca5,5997d2ea1e49ac706236a5a07722137e04623670744d668498968d0fc6bbac3c,58f66e3b038d29caa483b460f18e3b37949b31dddde003c0fdd65bc8e0a5c3ec
"0","4","0","0","0","1","3","1120001","12","0","1","0"
"0","2","0","vo_nyx_0101","0","0","0","1120002","12","0","2","vo_nyx"
"2.698","1","0","0","280","0","0","1120003","12","1","3","0"
"0","4","0","0","0","3.334","1","1120004","12","0","4","0"
"0","2","0","vo_nyx_0102","0","0","0","1120005","12","0","5","vo_nyx"
"1.055","1","280","0","382","0","0","1120006","12","1","6","0"
"0","4","0","0","0","1.055","1","1120007","12","0","7","0"
"0.732","1","0","0","88","0","0","1120008","12","2","8","0"
"0","4","0","0","0","1.05","1","1120009","12","0","9","0"
"2.42","1","88","0","365","0","0","1120010","12","2","10","0"
"0","4","0","0","0","3.5","1","1120011","12","0","11","0"
"0","4","0","0","0","2","3","1120012","12","0","12","0"
"0","2","0","vo_nyx_0103","0","0","0","1120013","12","0","13","vo_nyx"
"0.815","1","0","0","82","0","0","1120014","12","3","14","0"
"0","4","0","0","0","1.157","1","1120015","12","0","15","0"
"2.763","1","82","0","372","0","0","1120016","12","3","16","0"
"0","4","0","0","0","2.763","1","1120017","12","0","17","0"
"2.388","1","0","0","250","0","0","1120018","12","4","18","0"
"0","4","0","0","0","3.338","1","1120019","12","0","19","0"
"0","2","0","vo_nyx_0104","0","0","0","1120020","12","0","20","vo_nyx"
"0.778","1","0","0","71","0","0","1120021","12","5","21","0"
"0","4","0","0","0","1.214","1","1120022","12","0","22","0"
"3.167","1","71","0","375","0","0","1120023","12","5","23","0"
"0","4","0","0","0","3.61","1","1120024","12","0","24","0"
"2.618","1","0","0","256","0","0","1120025","12","6","25","0"
"0","4","0","0","0","3.198","1","1120026","12","0","26","0"
"0","2","0","vo_nyx_0105","0","0","0","1120027","12","0","27","vo_nyx"
"1.4","1","256","0","392","0","0","1120028","12","6","28","0"
"0","4","0","0","0","1.448","1","1120029","12","0","29","0"
"2.927","1","0","0","296","0","0","1120030","12","7","30","0"
"0","4","0","0","0","3.811","1","1120031","12","0","31","0"
"0","4","0","0","0","3","3","1120032","12","0","32","0"
"0","2","0","vo_nyx_0106","0","0","0","1120033","12","0","33","vo_nyx"
"0.506","1","296","0","360","0","0","1120034","12","7","34","0"
"0","4","0","0","0","1.175","1","1120035","12","0","35","0"
"0","4","0","0","0","3","3","1120036","12","0","36","0"
"0","2","0","vo_nyx_0107","0","0","0","1120037","12","0","37","vo_nyx"
"1.439","1","0","0","159","0","0","1120038","12","8","38","0"
"0","4","0","0","0","1.439","1","1120039","12","0","39","0"
"1.462","1","159","0","315","0","0","1120040","12","8","40","0"
"0","4","0","0","0","2.178","1","1120041","12","0","41","0"
"0","2","0","vo_nyx_0108","0","0","0","1120042","12","0","42","vo_nyx"
"3.765","1","0","0","400","0","0","1120043","12","9","43","0"
"0","4","0","0","0","4.495","1","1120044","12","0","44","0"
"0","2","0","vo_nyx_0109","0","0","0","1120045","12","0","45","vo_nyx"
"1.137","1","0","0","132","0","0","1120046","12","10","46","0"
"0","4","0","0","0","1.484","1","1120047","12","0","47","0"
"2.686","1","132","0","395","0","0","1120048","12","10","48","0"
"0","4","0","0","0","2.686","1","1120049","12","0","49","0"
"0.736","1","0","0","85","0","0","1120050","12","11","50","0"
"0","4","0","0","0","1.06","1","1120051","12","0","51","0"
"0","2","0","vo_nyx_0110","0","0","0","1120052","12","0","52","vo_nyx"
"0.353","1","85","0","133","0","0","1120053","12","11","53","0"
"0","4","0","0","0","1.137","1","1120054","12","0","54","0"
"0","2","0","vo_nyx_0111","0","0","0","1120055","12","0","55","vo_nyx"
"2.51","1","0","0","333","0","0","1120056","12","12","56","0"
"0","4","0","0","0","3.164","1","1120057","12","0","57","0"
"0","2","0","vo_nyx_0112","0","0","0","1120058","12","0","58","vo_nyx"
"1.532","1","0","0","145","0","0","1120059","12","13","59","0"
"0","4","0","0","0","1.62","1","1120060","12","0","60","0"
"1.367","1","145","0","336","0","0","1120061","12","13","61","0"
"0","4","0","0","0","2.245","1","1120062","12","0","62","0"
"0","2","0","vo_nyx_0113","0","0","0","1120063","12","0","63","vo_nyx"
"1.116","1","0","0","85","0","0","1120064","12","14","64","0"
"0","4","0","0","0","1.735","1","1120065","12","0","65","0"
"1.048","1","85","0","185","0","0","1120066","12","14","66","0"
"0","4","0","0","0","2.848","1","1120067","12","0","67","0"
"0","4","0","0","0","1","3","1130001","13","0","1","0"
"0","2","0","vo_nyx_0201","0","0","0","1130002","13","0","2","vo_nyx"
"0.382","1","0","0","40","0","0","1130003","13","1","3","0"
"0","4","0","0","0","0.672","1","1130004","13","0","4","0"
"0.65","1","40","0","82","0","0","1130005","13","1","5","0"
"0","4","0","0","0","1.115","1","1130006","13","0","6","0"
"2.158","1","82","0","286","0","0","1130007","13","1","7","0"
"0","4","0","0","0","2.541","1","1130008","13","0","8","0"
"0.914","1","286","0","365","0","0","1130009","13","1","9","0"
"0","4","0","0","0","0.914","1","1130010","13","0","10","0"
"1.72","1","0","0","220","0","0","1130011","13","2","11","0"
"0","4","0","0","0","1.5","1","1130012","13","0","12","0"
"0","4","0","0","0","2","3","1130013","13","0","13","0"
"0","4","0","0","0","1.726","1","1130014","13","0","14","0"
"0","2","0","vo_nyx_0202","0","0","0","1130015","13","0","15","vo_nyx"
"2.838","1","0","0","335","0","0","1130016","13","3","16","0"
"0","4","0","0","0","3.334","1","1130017","13","0","17","0"
"2.491","1","0","0","300","0","0","1130018","13","4","18","0"
"0","4","0","0","0","3.427","1","1130019","13","0","19","0"
"0","4","0","0","0","3","3","1130020","13","0","20","0"
"0","2","0","vo_nyx_0203","0","0","0","1130021","13","0","21","vo_nyx"
"0.475","1","0","0","47","0","0","1130022","13","5","22","0"
"0","4","0","0","0","0.872","1","1130023","13","0","23","0"
"1.001","1","47","0","119","0","0","1130024","13","5","24","0"
"0","4","0","0","0","1.492","1","1130025","13","0","25","0"
"1.73","1","119","0","310","0","0","1130026","13","5","26","0"
"0","4","0","0","0","2.045","1","1130027","13","0","27","0"
"0.87","1","310","0","395","0","0","1130028","13","5","28","0"
"0","4","0","0","0","1.949","1","1130029","13","0","29","0"
"0","2","0","vo_nyx_0204","0","0","0","1130030","13","0","30","vo_nyx"
"1.885","1","0","0","174","0","0","1130031","13","6","31","0"
"0","4","0","0","0","2.37","1","1130032","13","0","32","0"
"0.939","1","174","0","293","0","0","1130033","13","6","33","0"
"0","4","0","0","0","1.12","1","1130034","13","0","34","0"
"0.5","1","293","0","388","0","0","1130035","13","6","35","0"
"0","4","0","0","0","1.435","1","1130036","13","0","36","0"
"0","2","0","vo_nyx_0205","0","0","0","1130037","13","0","37","vo_nyx"
"0.58","1","0","0","34","0","0","1130038","13","7","38","0"
"0","4","0","0","0","0.976","1","1130039","13","0","39","0"
"1.425","1","34","0","176","0","0","1130040","13","7","40","0"
"0","4","0","0","0","1.683","1","1130041","13","0","41","0"
"0.85","1","176","0","275","0","0","1130042","13","7","42","0"
"0","4","0","0","0","1.9","1","1130043","13","0","43","0"
"0","4","0","0","0","4","3","1130044","13","0","44","0"
"0","2","0","vo_nyx_0206","0","0","0","1130045","13","0","45","vo_nyx"
"0.43","1","275","0","327","0","0","1130046","13","7","46","0"
"0","4","0","0","0","1.105","1","1130047","13","0","47","0"
"0.759","1","327","0","396","0","0","1130048","13","7","48","0"
"0","4","0","0","0","0.759","1","1130049","13","0","49","0"
"1.136","1","0","0","112","0","0","1130050","13","8","50","0"
"0","4","0","0","0","1.533","1","1130051","13","0","51","0"
"1.347","1","112","0","248","0","0","1130052","13","8","52","0"
"0","4","0","0","0","1.518","1","1130053","13","0","53","0"
"0.981","1","248","0","360","0","0","1130054","13","8","54","0"
"0","4","0","0","0","1.862","1","1130055","13","0","55","0"
"0","4","0","0","0","5","3","1130056","13","0","56","0"
"0","2","0","vo_nyx_0207","0","0","0","1130057","13","0","57","vo_nyx"
"0.44","1","0","0","51","0","0","1130058","13","9","58","0"
"0","4","0","0","0","0.9","1","1130059","13","0","59","0"
"1.404","1","51","0","205","0","0","1130060","13","9","60","0"
"0","4","0","0","0","1.74","1","1130061","13","0","61","0"
"0.986","1","205","0","325","0","0","1130062","13","9","62","0"
"0","4","0","0","0","1.187","1","1130063","13","0","63","0"
"0.437","1","325","0","377","0","0","1130064","13","9","64","0"
"0","4","0","0","0","0.437","1","1130065","13","0","65","0"
"0.7","1","0","0","84","0","0","1130066","13","10","66","0"
"0","4","0","0","0","1.317","1","1130067","13","0","67","0"
"2.659","1","84","0","376","0","0","1130068","13","10","68","0"
"0","4","0","0","0","2.717","1","1130069","13","0","69","0"
"1.834","1","0","0","190","0","0","1130070","13","11","70","0"
"0","4","0","0","0","3.084","1","1130071","13","0","71","0"
"0","2","0","vo_nyx_0208","0","0","0","1130072","13","0","72","vo_nyx"
"1.574","1","0","0","122","0","0","1130073","13","12","73","0"
"0","4","0","0","0","2.083","1","1130074","13","0","74","0"
"1.236","1","122","0","252","0","0","1130075","13","12","75","0"
"0","4","0","0","0","1.443","1","1130076","13","0","76","0"
"0.869","1","252","0","345","0","0","1130077","13","12","77","0"
"0","4","0","0","0","1.288","1","1130078","13","0","78","0"
"0.48","1","0","0","58","0","0","1130079","13","13","79","0"
"0","4","0","0","0","0.81","1","1130080","13","0","80","0"
"0.789","1","58","0","160","0","0","1130081","13","13","81","0"
"0","4","0","0","0","1.627","1","1130082","13","0","82","0"
"0","2","0","vo_nyx_0209","0","0","0","1130083","13","0","83","vo_nyx"
"0.707","1","160","0","250","0","0","1130084","13","13","84","0"
"0","4","0","0","0","2.507","1","1130085","13","0","85","0"
"0","4","0","0","0","1","3","1140001","14","0","1","0"
"0","2","0","vo_nyx_0301","0","0","0","1140002","14","0","2","vo_nyx"
"1.075","1","0","0","97","0","0","1140003","14","1","3","0"
"0","4","0","0","0","1.692","1","1140004","14","0","4","0"
"2.843","1","97","0","360","0","0","1140005","14","1","5","0"
"0","4","0","0","0","4","1","1140006","14","0","6","0"
"0","2","0","vo_nyx_0302","0","0","0","1140007","14","0","7","vo_nyx"
"1.567","1","0","0","135","0","0","1140008","14","2","8","0"
"0","4","0","0","0","1.964","1","1140009","14","0","9","0"
"0.78","1","135","0","230","0","0","1140010","14","2","10","0"
"0","4","0","0","0","2.076","1","1140011","14","0","11","0"
"0","2","0","vo_nyx_0303","0","0","0","1140012","14","0","12","vo_nyx"
"1.037","1","0","0","74","0","0","1140013","14","3","13","0"
"0","4","0","0","0","1.629","1","1140014","14","0","14","0"
"2.027","1","74","0","270","0","0","1140015","14","3","15","0"
"0","4","0","0","0","3.568","1","1140016","14","0","16","0"
"0","4","0","0","0","2","3","1140017","14","0","17","0"
"0","2","0","vo_nyx_0304","0","0","0","1140018","14","0","18","vo_nyx"
"1.38","1","270","0","380","0","0","1140019","14","3","19","0"
"0","4","0","0","0","1.419","1","1140020","14","0","20","0"
"0.491","1","0","0","58","0","0","1140021","14","4","21","0"
"0","4","0","0","0","0.545","1","1140022","14","0","22","0"
"2.409","1","58","0","316","0","0","1140023","14","4","23","0"
"0","4","0","0","0","3.711","1","1140024","14","0","24","0"
"0","2","0","vo_nyx_0305","0","0","0","1140025","14","0","25","vo_nyx"
"0.892","1","0","0","65","0","0","1140026","14","5","26","0"
"0","4","0","0","0","1.458","1","1140027","14","0","27","0"
"2.495","1","65","0","293","0","0","1140028","14","5","28","0"
"0","4","0","0","0","3.134","1","1140029","14","0","29","0"
"0.599","1","0","0","66","0","0","1140030","14","6","30","0"
"0","4","0","0","0","0.599","1","1140031","14","0","31","0"
"1.855","1","66","0","245","0","0","1140032","14","6","32","0"
"0","4","0","0","0","3.373","1","1140033","14","0","33","0"
"0","2","0","vo_nyx_0306","0","0","0","1140034","14","0","34","vo_nyx"
"1.629","1","0","0","175","0","0","1140035","14","7","35","0"
"0","4","0","0","0","3.34","1","1140036","14","0","36","0"
"0","2","0","vo_nyx_0307","0","0","0","1140037","14","0","37","vo_nyx"
"1.079","1","0","0","89","0","0","1140038","14","8","38","0"
"0","4","0","0","0","1.6","1","1140039","14","0","39","0"
"2.353","1","89","0","325","0","0","1140040","14","8","40","0"
"0","4","0","0","0","3.511","1","1140041","14","0","41","0"
"0","2","0","vo_nyx_0308","0","0","0","1140042","14","0","42","vo_nyx"
"0.511","1","325","0","400","0","0","1140043","14","8","43","0"
"0","4","0","0","0","0.511","1","1140044","14","0","44","0"
"1.154","1","0","0","75","0","0","1140045","14","9","45","0"
"0","4","0","0","0","1.511","1","1140046","14","0","46","0"
"3.186","1","75","0","405","0","0","1140047","14","9","47","0"
"0","4","0","0","0","4.034","1","1140048","14","0","48","0"
"0","2","0","vo_nyx_0309","0","0","0","1140049","14","0","49","vo_nyx"
"3.486","1","0","0","342","0","0","1140050","14","10","50","0"
"0","4","0","0","0","4.563","1","1140051","14","0","51","0"
"0","2","0","vo_nyx_0310","0","0","0","1140052","14","0","52","vo_nyx"
"0.815","1","0","0","105","0","0","1140053","14","11","53","0"
"0","4","0","0","0","2.384","1","1140054","14","0","54","0"
"0","2","0","vo_nyx_0311","0","0","0","1140055","14","0","55","vo_nyx"
"1.726","1","0","0","139","0","0","1140056","14","12","56","0"
"0","4","0","0","0","2.212","1","1140057","14","0","57","0"
"2.239","1","139","0","348","0","0","1140058","14","12","58","0"
"0","4","0","0","0","2.898","1","1140059","14","0","59","0"
"0.691","1","348","0","398","0","0","1140060","14","12","60","0"
"0","4","0","0","0","3","3","1140061","14","0","61","0"
"0","4","0","0","0","0.691","1","1140062","14","0","62","0"
"0.499","1","0","0","55","0","0","1140063","14","13","63","0"
"0","4","0","0","0","1.799","1","1140064","14","0","64","0"
"0","4","0","0","0","4","3","1140065","14","0","65","0"
"0","2","0","vo_nyx_0312","0","0","0","1140066","14","0","66","vo_nyx"
"0.674","1","55","0","128","0","0","1140067","14","13","67","0"
"0","4","0","0","0","1.251","1","1140068","14","0","68","0"
"0.959","1","128","0","201","0","0","1140069","14","13","69","0"
"0","4","0","0","0","1.676","1","1140070","14","0","70","0"
"1.894","1","201","0","365","0","0","1140071","14","13","71","0"
"0","4","0","0","0","1.894","1","1140072","14","0","72","0"
"0.844","1","0","0","100","0","0","1140073","14","14","73","0"
"0","4","0","0","0","2.644","1","1140074","14","0","74","0"
"0","4","0","0","0","1","3","1220001","22","0","1","0"
"0","2","0","vo_nyx_0401","0","0","0","1220002","22","0","2","vo_nyx"
"1.578","1","0","0","181","0","0","1220003","22","1","3","0"
"0","4","0","0","0","2.06","1","1220004","22","0","4","0"
"1.339","1","181","0","325","0","0","1220005","22","1","5","0"
"0","4","0","0","0","1.417","1","1220006","22","0","6","0"
"1.412","1","0","0","140","0","0","1220007","22","2","7","0"
"0","4","0","0","0","2.549","1","1220008","22","0","8","0"
"0","2","0","vo_nyx_0402","0","0","0","1220009","22","0","9","vo_nyx"
"1.74","1","140","0","326","0","0","1220010","22","2","10","0"
"0","4","0","0","0","2.249","1","1220011","22","0","11","0"
"0.455","1","326","0","390","0","0","1220012","22","2","12","0"
"0","4","0","0","0","0.455","1","1220013","22","0","13","0"
"1.361","1","0","0","188","0","0","1220014","22","3","14","0"
"0","4","0","0","0","2.433","1","1220015","22","0","15","0"
"0","2","0","vo_nyx_0403","0","0","0","1220016","22","0","16","vo_nyx"
"0.438","1","0","0","55","0","0","1220017","22","4","17","0"
"0","4","0","0","0","0.976","1","1220018","22","0","18","0"
"1.414","1","55","0","256","0","0","1220019","22","4","19","0"
"0","4","0","0","0","2.433","1","1220020","22","0","20","0"
"0","2","0","vo_nyx_0404","0","0","0","1220021","22","0","21","vo_nyx"
"1.829","1","0","0","213","0","0","1220022","22","5","22","0"
"0","4","0","0","0","2.237","1","1220023","22","0","23","0"
"1.018","1","213","0","340","0","0","1220024","22","5","24","0"
"0","4","0","0","0","1.965","1","1220025","22","0","25","0"
"0","4","0","0","0","2","3","1220026","22","0","26","0"
"0","2","0","vo_nyx_0405","0","0","0","1220027","22","0","27","vo_nyx"
"0.455","1","340","0","392","0","0","1220028","22","5","28","0"
"0","4","0","0","0","0.455","1","1220029","22","0","29","0"
"0.586","1","0","0","40","0","0","1220030","22","6","30","0"
"0","4","0","0","0","1.124","1","1220031","22","0","31","0"
"1.953","1","40","0","225","0","0","1220032","22","6","32","0"
"0","4","0","0","0","2.356","1","1220033","22","0","33","0"
"1.083","1","225","0","375","0","0","1220034","22","6","34","0"
"0","4","0","0","0","1.083","1","1220035","22","0","35","0"
"0.71","1","0","0","74","0","0","1220036","22","7","36","0"
"0","4","0","0","0","1.533","1","1220037","22","0","37","0"
"0.947","1","74","0","187","0","0","1220038","22","7","38","0"
"0","4","0","0","0","2","3","1220039","22","0","39","0"
"0","4","0","0","0","1.349","1","1220040","22","0","40","0"
"0.87","1","187","0","329","0","0","1220041","22","7","41","0"
"0","4","0","0","0","0.87","1","1220042","22","0","42","0"
"1.758","1","0","0","206","0","0","1220043","22","8","43","0"
"0","4","0","0","0","2.198","1","1220044","22","0","44","0"
"1.601","1","206","0","342","0","0","1220045","22","8","45","0"
"0","4","0","0","0","2.097","1","1220046","22","0","46","0"
"0.546","1","342","0","393","0","0","1220047","22","8","47","0"
"0","4","0","0","0","0.546","1","1220048","22","0","48","0"
"1.277","1","0","0","155","0","0","1220049","22","9","49","0"
"0","4","0","0","0","1.656","1","1220050","22","0","50","0"
"2.113","1","155","0","390","0","0","1220051","22","9","51","0"
"0","4","0","0","0","3.362","1","1220052","22","0","52","0"
"0","4","0","0","0","3","3","1220053","22","0","53","0"
"0","2","0","vo_nyx_0406","0","0","0","1220054","22","0","54","vo_nyx"
"2.628","1","0","0","263","0","0","1220055","22","10","55","0"
"0","4","0","0","0","3.131","1","1220056","22","0","56","0"
"0.846","1","263","0","345","0","0","1220057","22","10","57","0"
"0","4","0","0","0","1.249","1","1220058","22","0","58","0"
"0.516","1","345","0","396","0","0","1220059","22","10","59","0"
"0","4","0","0","0","0.593","1","1220060","22","0","60","0"
"2.285","1","0","0","318","0","0","1220061","22","11","61","0"
"0","4","0","0","0","3.475","1","1220062","22","0","62","0"
"0","4","0","0","0","4","3","1220063","22","0","63","0"
"0","2","0","vo_nyx_0407","0","0","0","1220064","22","0","64","vo_nyx"
"2.326","1","0","0","258","0","0","1220065","22","12","65","0"
"0","4","0","0","0","2.872","1","1220066","22","0","66","0"
"1.488","1","258","0","395","0","0","1220067","22","12","67","0"
"0","4","0","0","0","1.488","1","1220068","22","0","68","0"
"1.728","1","0","0","220","0","0","1220069","22","13","69","0"
"0","4","0","0","0","2.711","1","1220070","22","0","70","0"
"0","2","0","vo_nyx_0408","0","0","0","1220071","22","0","71","vo_nyx"
"0.408","1","0","0","40","0","0","1220072","22","15","72","0"
"0","4","0","0","0","0.929","1","1220073","22","0","73","0"
"1.122","1","40","0","152","0","0","1220074","22","15","74","0"
"0","4","0","0","0","2.922","1","1220075","22","0","75","0"
"0","4","0","0","0","1","3","1230001","23","0","1","0"
"0","2","0","vo_nyx_0501","0","0","0","1230002","23","0","2","vo_nyx"
"3.048","1","0","0","390","0","0","1230003","23","1","3","0"
"0","4","0","0","0","3.048","1","1230004","23","0","4","0"
"0.731","1","0","0","85","0","0","1230005","23","2","5","0"
"0","4","0","0","0","1.507","1","1230006","23","0","6","0"
"0","2","0","vo_nyx_0502","0","0","0","1230007","23","0","7","vo_nyx"
"2.093","1","85","0","302","0","0","1230008","23","2","8","0"
"0","4","0","0","0","2.341","1","1230009","23","0","9","0"
"0.644","1","302","0","378","0","0","1230010","23","2","10","0"
"0","4","0","0","0","0.993","1","1230011","23","0","11","0"
"1.737","1","0","0","195","0","0","1230012","23","3","12","0"
"0","4","0","0","0","2.616","1","1230013","23","0","13","0"
"0","2","0","vo_nyx_0503","0","0","0","1230014","23","0","14","vo_nyx"
"1.866","1","195","0","395","0","0","1230015","23","3","15","0"
"0","4","0","0","0","1.866","1","1230016","23","0","16","0"
"1.039","1","0","0","123","0","0","1230017","23","4","17","0"
"0","4","0","0","0","1.496","1","1230018","23","0","18","0"
"1.355","1","123","0","305","0","0","1230019","23","4","19","0"
"0","4","0","0","0","2.334","1","1230020","23","0","20","0"
"0","2","0","vo_nyx_0504","0","0","0","1230021","23","0","21","vo_nyx"
"0.422","1","0","0","45","0","0","1230022","23","6","22","0"
"0","4","0","0","0","0.845","1","1230023","23","0","23","0"
"2.026","1","45","0","308","0","0","1230024","23","6","24","0"
"0","4","0","0","0","2.563","1","1230025","23","0","25","0"
"0","2","0","vo_nyx_0505","0","0","0","1230026","23","0","26","vo_nyx"
"0.865","1","0","0","80","0","0","1230027","23","8","27","0"
"0","4","0","0","0","1.207","1","1230028","23","0","28","0"
"1.873","1","80","0","360","0","0","1230029","23","8","29","0"
"0","4","0","0","0","2.166","1","1230030","23","0","30","0"
"2.558","1","0","0","345","0","0","1230031","23","9","31","0"
"0","4","0","0","0","2","3","1230032","23","0","32","0"
"0","4","0","0","0","3.202","1","1230033","23","0","33","0"
"2.381","1","0","0","215","0","0","1230034","23","10","34","0"
"0","4","0","0","0","2.938","1","1230035","23","0","35","0"
"0","2","0","vo_nyx_0506","0","0","0","1230036","23","0","36","vo_nyx"
"1.241","1","215","0","400","0","0","1230037","23","10","37","0"
"0","4","0","0","0","1.657","1","1230038","23","0","38","0"
"2.871","1","0","0","375","0","0","1230039","23","11","39","0"
"0","4","0","0","0","3","3","1230040","23","0","40","0"
"0","4","0","0","0","3.435","1","1230041","23","0","41","0"
"0","2","0","vo_nyx_0507","0","0","0","1230042","23","0","42","vo_nyx"
"0.717","1","0","0","64","0","0","1230043","23","12","43","0"
"0","4","0","0","0","1.026","1","1230044","23","0","44","0"
"2.843","1","64","0","395","0","0","1230045","23","12","45","0"
"0","4","0","0","0","3.603","1","1230046","23","0","46","0"
"0","2","0","vo_nyx_0508","0","0","0","1230047","23","0","47","vo_nyx"
"1.417","1","0","0","130","0","0","1230048","23","13","48","0"
"0","4","0","0","0","2.029","1","1230049","23","0","49","0"
"1.78","1","130","0","335","0","0","1230050","23","13","50","0"
"0","4","0","0","0","3.58","1","1230051","23","0","51","0"
"0","4","0","0","0","1","3","1240001","24","0","1","0"
"0","2","0","vo_nyx_0601","0","0","0","1240002","24","0","2","vo_nyx"
"0.945","1","0","0","92","0","0","1240003","24","1","3","0"
"0","4","0","0","0","1.808","1","1240004","24","0","4","0"
"0","2","0","vo_nyx_0602","0","0","0","1240005","24","0","5","vo_nyx"
"3.225","1","0","0","395","0","0","1240006","24","2","6","0"
"0","4","0","0","0","4.362","1","1240007","24","0","7","0"
"0","2","0","vo_nyx_0603","0","0","0","1240008","24","0","8","vo_nyx"
"2.828","1","0","0","392","0","0","1240009","24","3","9","0"
"0","4","0","0","0","4.36","1","1240010","24","0","10","0"
"0","2","0","vo_nyx_0604","0","0","0","1240011","24","0","11","vo_nyx"
"1.212","1","0","0","150","0","0","1240012","24","4","12","0"
"0","4","0","0","0","2.171","1","1240013","24","0","13","0"
"1.656","1","150","0","350","0","0","1240014","24","4","14","0"
"0","4","0","0","0","2.769","1","1240015","24","0","15","0"
"0","2","0","vo_nyx_0605","0","0","0","1240016","24","0","16","vo_nyx"
"0.168","1","0","0","24","0","0","1240017","24","5","17","0"
"0","4","0","0","0","1.256","1","1240018","24","0","18","0"
"0.478","1","24","0","59","0","0","1240019","24","5","19","0"
"0","4","0","0","0","0.535","1","1240020","24","0","20","0"
"0.735","1","59","0","150","0","0","1240021","24","5","21","0"
"0","4","0","0","0","2.444","1","1240022","24","0","22","0"
"0","2","0","vo_nyx_0606","0","0","0","1240023","24","0","23","vo_nyx"
"1.607","1","0","0","183","0","0","1240024","24","7","24","0"
"0","4","0","0","0","2.16","1","1240025","24","0","25","0"
"2.119","1","183","0","400","0","0","1240026","24","7","26","0"
"0","4","0","0","0","2.647","1","1240027","24","0","27","0"
"1.802","1","0","0","205","0","0","1240028","24","8","28","0"
"0","4","0","0","0","2","3","1240029","24","0","29","0"
"0","4","0","0","0","2.817","1","1240030","24","0","30","0"
"0","2","0","vo_nyx_0607","0","0","0","1240031","24","0","31","vo_nyx"
"1.981","1","205","0","395","0","0","1240032","24","8","32","0"
"0","4","0","0","0","2.842","1","1240033","24","0","33","0"
"1.894","1","0","0","180","0","0","1240034","24","9","34","0"
"0","4","0","0","0","3.737","1","1240035","24","0","35","0"
"0","2","0","vo_nyx_0608","0","0","0","1240036","24","0","36","vo_nyx"
"0.82","1","180","0","209","0","0","1240037","24","9","37","0"
"0","4","0","0","0","1.754","1","1240038","24","0","38","0"
"2.752","1","209","0","400","0","0","1240039","24","9","39","0"
"0","4","0","0","0","3.272","1","1240040","24","0","40","0"
"0","4","0","0","0","3","3","1240041","24","0","41","0"
"0","2","0","vo_nyx_0609","0","0","0","1240042","24","0","42","vo_nyx"
"1.283","1","0","0","100","0","0","1240043","24","11","43","0"
"0","4","0","0","0","2.322","1","1240044","24","0","44","0"
"0","4","0","0","0","4","3","1240045","24","0","45","0"
"0","2","0","vo_nyx_0610","0","0","0","1240046","24","0","46","vo_nyx"
"0.86","1","0","0","80","0","0","1240047","24","12","47","0"
"0","4","0","0","0","0.86","1","1240048","24","0","48","0"
"1.242","1","80","0","112","0","0","1240049","24","12","49","0"
"0","4","0","0","0","2.086","1","1240050","24","0","50","0"
"0","4","0","0","0","5","3","1240051","24","0","51","0"
"0","2","0","vo_nyx_0611","0","0","0","1240052","24","0","52","vo_nyx"
"0.735","1","112","0","242","0","0","1240053","24","12","53","0"
"0","4","0","0","0","1.789","1","1240054","24","0","54","0"
"0","2","0","vo_nyx_0612","0","0","0","1240055","24","0","55","vo_nyx"
"1","1","0","0","56","0","0","1240056","24","13","56","0"
"0","4","0","0","0","2.104","1","1240057","24","0","57","0"
"0","4","0","0","0","6","3","1240058","24","0","58","0"
"0","2","0","vo_nyx_0613","0","0","0","1240059","24","0","59","vo_nyx"
"1.189","1","0","0","41","0","0","1240060","24","14","60","0"
"0","4","0","0","0","1.189","1","1240061","24","0","61","0"
"0.235","1","41","0","78","0","0","1240062","24","14","62","0"
"0","4","0","0","0","0.235","1","1240063","24","0","63","0"
"1.729","1","78","0","192","0","0","1240064","24","14","64","0"
"0","4","0","0","0","3.529","1","1240065","24","0","65","0"
"0","4","0","0","0","1","3","1250001","25","0","1","0"
"0","2","0","vo_nyx_0701","0","0","0","1250002","25","0","2","vo_nyx"
"2.62","1","0","0","225","0","0","1250003","25","1","3","0"
"0","4","0","0","0","3.07","1","1250004","25","0","4","0"
"0","2","0","vo_nyx_0702","0","0","0","1250005","25","0","5","vo_nyx"
"1.252","1","225","0","385","0","0","1250006","25","1","6","0"
"0","4","0","0","0","1.252","1","1250007","25","0","7","0"
"0.322","1","0","0","55","0","0","1250008","25","2","8","0"
"0","4","0","0","0","0.577","1","1250009","25","0","9","0"
"2.127","1","55","0","345","0","0","1250010","25","2","10","0"
"0","4","0","0","0","2.985","1","1250011","25","0","11","0"
"0","2","0","vo_nyx_0703","0","0","0","1250012","25","0","12","vo_nyx"
"2.972","1","0","0","380","0","0","1250013","25","3","13","0"
"0","4","0","0","0","3.55","1","1250014","25","0","14","0"
"3.003","1","0","0","323","0","0","1250015","25","4","15","0"
"0","4","0","0","0","3.672","1","1250016","25","0","16","0"
"0","2","0","vo_nyx_0704","0","0","0","1250017","25","0","17","vo_nyx"
"2.06","1","0","0","248","0","0","1250018","25","5","18","0"
"0","4","0","0","0","2.34","1","1250019","25","0","19","0"
"1.44","1","248","0","400","0","0","1250020","25","5","20","0"
"0","4","0","0","0","2.486","1","1250021","25","0","21","0"
"0","2","0","vo_nyx_0705","0","0","0","1250022","25","0","22","vo_nyx"
"0.766","1","0","0","92","0","0","1250023","25","6","23","0"
"0","4","0","0","0","1.136","1","1250024","25","0","24","0"
"2.067","1","92","0","320","0","0","1250025","25","6","25","0"
"0","4","0","0","0","2.735","1","1250026","25","0","26","0"
"0","2","0","vo_nyx_0706","0","0","0","1250027","25","0","27","vo_nyx"
"3.027","1","0","0","375","0","0","1250028","25","7","28","0"
"0","4","0","0","0","3.027","1","1250029","25","0","29","0"
"0.808","1","0","0","93","0","0","1250030","25","8","30","0"
"0","4","0","0","0","1.288","1","1250031","25","0","31","0"
"1.8","1","93","0","385","0","0","1250032","25","8","32","0"
"0","4","0","0","0","2.043","1","1250033","25","0","33","0"
"1.75","1","0","0","190","0","0","1250034","25","9","34","0"
"0","4","0","0","0","2.547","1","1250035","25","0","35","0"
"0","4","0","0","0","2","3","1250036","25","0","36","0"
"0","2","0","vo_nyx_0707","0","0","0","1250037","25","0","37","vo_nyx"
"2.997","1","0","0","326","0","0","1250038","25","10","38","0"
"0","4","0","0","0","3.809","1","1250039","25","0","39","0"
"0","2","0","vo_nyx_0708","0","0","0","1250040","25","0","40","vo_nyx"
"1.538","1","0","0","233","0","0","1250041","25","11","41","0"
"0","4","0","0","0","1.671","1","1250042","25","0","42","0"
"0.893","1","233","0","352","0","0","1250043","25","11","43","0"
"0","4","0","0","0","1.738","1","1250044","25","0","44","0"
"0","4","0","0","0","3","3","1250045","25","0","45","0"
"0","2","0","vo_nyx_0709","0","0","0","1250046","25","0","46","vo_nyx"
"1.427","1","0","0","72","0","0","1250047","25","12","47","0"
"0","4","0","0","0","1.895","1","1250048","25","0","48","0"
"1.653","1","72","0","272","0","0","1250049","25","12","49","0"
"0","4","0","0","0","1.732","1","1250050","25","0","50","0"
"0.686","1","272","0","373","0","0","1250051","25","12","51","0"
"0","4","0","0","0","0.686","1","1250052","25","0","52","0"
"0.693","1","0","0","90","0","0","1250053","25","13","53","0"
"0","4","0","0","0","1.063","1","1250054","25","0","54","0"
"1.258","1","90","0","230","0","0","1250055","25","13","55","0"
"0","4","0","0","0","1.915","1","1250056","25","0","56","0"
"1.222","1","230","0","388","0","0","1250057","25","13","57","0"
"0","4","0","0","0","2.085","1","1250058","25","0","58","0"
"0","2","0","vo_nyx_0710","0","0","0","1250059","25","0","59","vo_nyx"
"2.18","1","0","0","185","0","0","1250060","25","14","60","0"
"0","4","0","0","0","3.98","1","1250061","25","0","61","0"
"0","4","0","0","0","1","3","1260001","26","0","1","0"
"0","2","0","vo_nyx_0801","0","0","0","1260002","26","0","2","vo_nyx"
"0.65","1","0","0","70","0","0","1260003","26","1","3","0"
"0","4","0","0","0","1.4","1","1260004","26","0","4","0"
"1.119","1","70","0","158","0","0","1260005","26","1","5","0"
"0","4","0","0","0","1.816","1","1260006","26","0","6","0"
"1.557","1","158","0","332","0","0","1260007","26","1","7","0"
"0","4","0","0","0","2.665","1","1260008","26","0","8","0"
"0","2","0","vo_nyx_0802","0","0","0","1260009","26","0","9","vo_nyx"
"0.776","1","70","0","143","0","0","1260010","26","2","10","0"
"0","4","0","0","0","1.608","1","1260011","26","0","11","0"
"1.562","1","143","0","282","0","0","1260012","26","2","12","0"
"0","4","0","0","0","2.562","1","1260013","26","0","13","0"
"0","4","0","0","0","2","3","1260014","26","0","14","0"
"0","2","0","vo_nyx_0803","0","0","0","1260015","26","0","15","vo_nyx"
"0.65","1","0","0","68","0","0","1260016","26","3","16","0"
"0","4","0","0","0","1.4","1","1260017","26","0","17","0"
"2.205","1","68","0","222","0","0","1260018","26","3","18","0"
"0","4","0","0","0","2.779","1","1260019","26","0","19","0"
"0","2","0","vo_nyx_0804","0","0","0","1260020","26","0","20","vo_nyx"
"0.393","1","222","0","260","0","0","1260021","26","3","21","0"
"0","4","0","0","0","0.987","1","1260022","26","0","22","0"
"0.843","1","260","0","370","0","0","1260023","26","3","23","0"
"0","4","0","0","0","0.843","1","1260024","26","0","24","0"
"1.481","1","68","0","215","0","0","1260025","26","4","25","0"
"0","4","0","0","0","2.481","1","1260026","26","0","26","0"
"0","4","0","0","0","3","3","1260027","26","0","27","0"
"0","2","0","vo_nyx_0805","0","0","0","1260028","26","0","28","vo_nyx"
"0.65","1","0","0","70","0","0","1260029","26","5","29","0"
"0","4","0","0","0","1.4","1","1260030","26","0","30","0"
"1.879","1","70","0","270","0","0","1260031","26","5","31","0"
"0","4","0","0","0","2.917","1","1260032","26","0","32","0"
"2.759","1","70","0","342","0","0","1260033","26","6","33","0"
"0","4","0","0","0","3.645","1","1260034","26","0","34","0"
"0.487","1","342","0","395","0","0","1260035","26","6","35","0"
"0","4","0","0","0","1.487","1","1260036","26","0","36","0"
"0","4","0","0","0","4","3","1260037","26","0","37","0"
"0","2","0","vo_nyx_0806","0","0","0","1260038","26","0","38","vo_nyx"
"0.65","1","0","0","70","0","0","1260039","26","7","39","0"
"0","4","0","0","0","1.4","1","1260040","26","0","40","0"
"1.003","1","70","0","136","0","0","1260041","26","7","41","0"
"0","4","0","0","0","1.452","1","1260042","26","0","42","0"
"2.373","1","136","0","387","0","0","1260043","26","7","43","0"
"0","4","0","0","0","2.6","1","1260044","26","0","44","0"
"1.23","1","70","0","180","0","0","1260045","26","8","45","0"
"0","4","0","0","0","2.23","1","1260046","26","0","46","0"
"0","4","0","0","0","1","3","1260047","26","0","47","0"
"0","2","0","vo_nyx_0807","0","0","0","1260048","26","0","48","vo_nyx"
"0.65","1","0","0","68","0","0","1260049","26","9","49","0"
"0","4","0","0","0","1.4","1","1260050","26","0","50","0"
"2.24","1","68","0","350","0","0","1260051","26","9","51","0"
"0","4","0","0","0","2.74","1","1260052","26","0","52","0"
"1.252","1","70","0","165","0","0","1260053","26","10","53","0"
"0","4","0","0","0","1.742","1","1260054","26","0","54","0"
"2.352","1","165","0","380","0","0","1260055","26","10","55","0"
"0","4","0","0","0","2.779","1","1260056","26","0","56","0"
"2.013","1","70","0","310","0","0","1260057","26","11","57","0"
"0","4","0","0","0","3.047","1","1260058","26","0","58","0"
"0","2","0","vo_nyx_0808","0","0","0","1260059","26","0","59","vo_nyx"
"1.401","1","70","0","184","0","0","1260060","26","12","60","0"
"0","4","0","0","0","1.984","1","1260061","26","0","61","0"
"2.073","1","184","0","390","0","0","1260062","26","12","62","0"
"0","4","0","0","0","2.372","1","1260063","26","0","63","0"
"1.4","1","70","0","240","0","0","1260064","26","13","64","0"
"0","4","0","0","0","2.2","1","1260065","26","0","65","0"
"0","4","0","0","0","4","3","1260066","26","0","66","0"
"0","2","0","vo_nyx_0809","0","0","0","1260067","26","0","67","vo_nyx"
"0.65","1","0","0","68","0","0","1260068","26","14","68","0"
"0","4","0","0","0","1.4","1","1260069","26","0","69","0"
"1.52","1","68","0","260","0","0","1260070","26","14","70","0"
"0","4","0","0","0","2.5","1","1260071","26","0","71","0"
"0","2","0","vo_nyx_0810","0","0","0","1260072","26","0","72","vo_nyx"
"2.7","1","70","0","280","0","0","1260073","26","15","73","0"
"0","4","0","0","0","4.5","1","1260074","26","0","74","0"
"0","4","0","0","0","1","3","1320001","32","0","1","0"
"0","2","0","vo_nyx_0901","0","0","0","1320002","32","0","2","vo_nyx"
"3.31","1","0","0","286","0","0","1320003","32","1","3","0"
"0","4","0","0","0","3.909","1","1320004","32","0","4","0"
"0.836","1","286","0","358","0","0","1320005","32","1","5","0"
"0","4","0","0","0","1.457","1","1320006","32","0","6","0"
"0.533","1","358","0","395","0","0","1320007","32","1","7","0"
"0","4","0","0","0","0.533","1","1320008","32","0","8","0"
"1.392","1","0","0","124","0","0","1320009","32","2","9","0"
"0","4","0","0","0","1.99","1","1320010","32","0","10","0"
"3.058","1","124","0","395","0","0","1320011","32","2","11","0"
"0","4","0","0","0","3.058","1","1320012","32","0","12","0"
"0.338","1","0","0","55","0","0","1320013","32","3","13","0"
"0","4","0","0","0","1.471","1","1320014","32","0","14","0"
"0","2","0","vo_nyx_0902","0","0","0","1320015","32","0","15","vo_nyx"
"2.683","1","55","0","301","0","0","1320016","32","3","16","0"
"0","4","0","0","0","3.31","1","1320017","32","0","17","0"
"0.944","1","301","0","375","0","0","1320018","32","3","18","0"
"0","4","0","0","0","0.944","1","1320019","32","0","19","0"
"1.745","1","0","0","160","0","0","1320020","32","4","20","0"
"0","4","0","0","0","2.481","1","1320021","32","0","21","0"
"1.399","1","160","0","306","0","0","1320022","32","4","22","0"
"0","4","0","0","0","2.87","1","1320023","32","0","23","0"
"0","4","0","0","0","2","3","1320024","32","0","24","0"
"0","2","0","vo_nyx_0903","0","0","0","1320025","32","0","25","vo_nyx"
"1.276","1","0","0","122","0","0","1320026","32","5","26","0"
"0","4","0","0","0","2.005","1","1320027","32","0","27","0"
"1.038","1","122","0","211","0","0","1320028","32","5","28","0"
"0","4","0","0","0","1.608","1","1320029","32","0","29","0"
"1.038","1","211","0","280","0","0","1320030","32","5","30","0"
"0","4","0","0","0","1.11","1","1320031","32","0","31","0"
"2.055","1","0","0","202","0","0","1320032","32","6","32","0"
"0","4","0","0","0","2.844","1","1320033","32","0","33","0"
"1.871","1","202","0","389","0","0","1320034","32","6","34","0"
"0","4","0","0","0","2.397","1","1320035","32","0","35","0"
"1.589","1","0","0","182","0","0","1320036","32","7","36","0"
"0","4","0","0","0","2.196","1","1320037","32","0","37","0"
"2.445","1","182","0","395","0","0","1320038","32","7","38","0"
"0","4","0","0","0","2.445","1","1320039","32","0","39","0"
"1.372","1","0","0","180","0","0","1320040","32","8","40","0"
"0","4","0","0","0","2.657","1","1320041","32","0","41","0"
"0","4","0","0","0","3","3","1320042","32","0","42","0"
"0","2","0","vo_nyx_0904","0","0","0","1320043","32","0","43","vo_nyx"
"2.066","1","180","0","390","0","0","1320044","32","8","44","0"
"0","4","0","0","0","2.066","1","1320045","32","0","45","0"
"0.916","1","0","0","83","0","0","1320046","32","9","46","0"
"0","4","0","0","0","1.42","1","1320047","32","0","47","0"
"0.71","1","83","0","162","0","0","1320048","32","9","48","0"
"0","4","0","0","0","1.561","1","1320049","32","0","49","0"
"2.191","1","162","0","385","0","0","1320050","32","9","50","0"
"0","4","0","0","0","2.191","1","1320051","32","0","51","0"
"1.377","1","0","0","130","0","0","1320052","32","10","52","0"
"0","4","0","0","0","1.833","1","1320053","32","0","53","0"
"2.749","1","130","0","390","0","0","1320054","32","10","54","0"
"0","4","0","0","0","2.749","1","1320055","32","0","55","0"
"0.753","1","0","0","85","0","0","1320056","32","11","56","0"
"0","4","0","0","0","2.093","1","1320057","32","0","57","0"
"0","2","0","vo_nyx_0905","0","0","0","1320058","32","0","58","vo_nyx"
"1.534","1","85","0","205","0","0","1320059","32","11","59","0"
"0","4","0","0","0","2.185","1","1320060","32","0","60","0"
"1.269","1","205","0","311","0","0","1320061","32","11","61","0"
"0","4","0","0","0","1.86","1","1320062","32","0","62","0"
"0.74","1","311","0","400","0","0","1320063","32","11","63","0"
"0","4","0","0","0","0.74","1","1320064","32","0","64","0"
"1.911","1","0","0","149","0","0","1320065","32","12","65","0"
"0","4","0","0","0","2.508","1","1320066","32","0","66","0"
"2.445","1","149","0","380","0","0","1320067","32","12","67","0"
"0","4","0","0","0","3.145","1","1320068","32","0","68","0"
"0","2","0","vo_nyx_0906","0","0","0","1320069","32","0","69","vo_nyx"
"0.992","1","0","0","116","0","0","1320070","32","13","70","0"
"0","4","0","0","0","2.792","1","1320071","32","0","71","0"
"0","4","0","0","0","1","3","1330001","33","0","1","0"
"0","2","0","vo_nyx_1001","0","0","0","1330002","33","0","2","vo_nyx"
"1.326","1","0","0","98","0","0","1330003","33","1","3","0"
"0","4","0","0","0","1.649","1","1330004","33","0","4","0"
"2.01","1","98","0","271","0","0","1330005","33","1","5","0"
"0","4","0","0","0","2.529","1","1330006","33","0","6","0"
"1.404","1","271","0","395","0","0","1330007","33","1","7","0"
"0","4","0","0","0","1.459","1","1330008","33","0","8","0"
"0.468","1","0","0","55","0","0","1330009","33","2","9","0"
"0","4","0","0","0","1.704","1","1330010","33","0","10","0"
"0","2","0","vo_nyx_1002","0","0","0","1330011","33","0","11","vo_nyx"
"1.337","1","55","0","183","0","0","1330012","33","2","12","0"
"0","4","0","0","0","1.337","1","1330013","33","0","13","0"
"2.128","1","183","0","380","0","0","1330014","33","2","14","0"
"0","4","0","0","0","3.666","1","1330015","33","0","15","0"
"0","2","0","vo_nyx_1003","0","0","0","1330016","33","0","16","vo_nyx"
"1.938","1","0","0","190","0","0","1330017","33","3","17","0"
"0","4","0","0","0","2.451","1","1330018","33","0","18","0"
"1.303","1","190","0","330","0","0","1330019","33","3","19","0"
"0","4","0","0","0","2.273","1","1330020","33","0","20","0"
"0","2","0","vo_nyx_1004","0","0","0","1330021","33","0","21","vo_nyx"
"1.136","1","0","0","113","0","0","1330022","33","4","22","0"
"0","4","0","0","0","1.905","1","1330023","33","0","23","0"
"1.136","1","113","0","211","0","0","1330024","33","4","24","0"
"0","4","0","0","0","1.905","1","1330025","33","0","25","0"
"2.016","1","211","0","395","0","0","1330026","33","4","26","0"
"0","4","0","0","0","3.118","1","1330027","33","0","27","0"
"0","2","0","vo_nyx_1005","0","0","0","1330028","33","0","28","vo_nyx"
"1.227","1","0","0","128","0","0","1330029","33","5","29","0"
"0","4","0","0","0","2.174","1","1330030","33","0","30","0"
"0","2","0","vo_nyx_1006","0","0","0","1330031","33","0","31","vo_nyx"
"3.075","1","128","0","395","0","0","1330032","33","5","32","0"
"0","4","0","0","0","3.81","1","1330033","33","0","33","0"
"1.281","1","0","0","128","0","0","1330034","33","6","34","0"
"0","4","0","0","0","2.507","1","1330035","33","0","35","0"
"0","2","0","vo_nyx_1007","0","0","0","1330036","33","0","36","vo_nyx"
"1.17","1","128","0","252","0","0","1330037","33","6","37","0"
"0","4","0","0","0","2.039","1","1330038","33","0","38","0"
"0","2","0","vo_nyx_1008","0","0","0","1330039","33","0","39","vo_nyx"
"0.757","1","252","0","350","0","0","1330040","33","6","40","0"
"0","4","0","0","0","2.139","1","1330041","33","0","41","0"
"0","4","0","0","0","2","3","1330042","33","0","42","0"
"0","2","0","vo_nyx_1009","0","0","0","1330043","33","0","43","vo_nyx"
"1.348","1","0","0","110","0","0","1330044","33","7","44","0"
"0","4","0","0","0","2.852","1","1330045","33","0","45","0"
"0","2","0","vo_nyx_1010","0","0","0","1330046","33","0","46","vo_nyx"
"0.702","1","0","0","60","0","0","1330047","33","8","47","0"
"0","4","0","0","0","0.702","1","1330048","33","0","48","0"
"1.604","1","60","0","205","0","0","1330049","33","8","49","0"
"0","4","0","0","0","2.844","1","1330050","33","0","50","0"
"0","2","0","vo_nyx_1011","0","0","0","1330051","33","0","51","vo_nyx"
"2.016","1","205","0","395","0","0","1330052","33","8","52","0"
"0","4","0","0","0","2.707","1","1330053","33","0","53","0"
"2.128","1","0","0","206","0","0","1330054","33","9","54","0"
"0","4","0","0","0","3.32","1","1330055","33","0","55","0"
"0","2","0","vo_nyx_1012","0","0","0","1330056","33","0","56","vo_nyx"
"2.38","1","206","0","390","0","0","1330057","33","9","57","0"
"0","4","0","0","0","3.338","1","1330058","33","0","58","0"
"0","4","0","0","0","3","3","1330059","33","0","59","0"
"0","2","0","vo_nyx_1013","0","0","0","1330060","33","0","60","vo_nyx"
"1.337","1","0","0","133","0","0","1330061","33","10","61","0"
"0","4","0","0","0","1.883","1","1330062","33","0","62","0"
"1.95","1","133","0","330","0","0","1330063","33","10","63","0"
"0","4","0","0","0","3.243","1","1330064","33","0","64","0"
"0","2","0","vo_nyx_1014","0","0","0","1330065","33","0","65","vo_nyx"
"0.724","1","330","0","392","0","0","1330066","33","10","66","0"
"0","4","0","0","0","0.724","1","1330067","33","0","67","0"
"0.824","1","0","0","73","0","0","1330068","33","11","68","0"
"0","4","0","0","0","1.392","1","1330069","33","0","69","0"
"3.319","1","73","0","360","0","0","1330070","33","11","70","0"
"0","4","0","0","0","4.265","1","1330071","33","0","71","0"
"0","2","0","vo_nyx_1015","0","0","0","1330072","33","0","72","vo_nyx"
"2.306","1","0","0","235","0","0","1330073","33","12","73","0"
"0","4","0","0","0","3.198","1","1330074","33","0","74","0"
"0","4","0","0","0","4","3","1330075","33","0","75","0"
"0","2","0","vo_nyx_1016","0","0","0","1330076","33","0","76","vo_nyx"
"1.713","1","0","0","142","0","0","1330077","33","13","77","0"
"0","4","0","0","0","2.607","1","1330078","33","0","78","0"
"1.66","1","142","0","308","0","0","1330079","33","13","79","0"
"0","4","0","0","0","3.16","1","1330080","33","0","80","0"
"0","4","0","0","0","1","3","1340001","34","0","1","0"
"0","2","0","vo_nyx_1501","0","0","0","1340002","34","0","2","vo_nyx"
"0.64","1","0","0","45","0","0","1340003","34","1","3","0"
"0","4","0","0","0","1.223","1","1340004","34","0","4","0"
"0.878","1","45","0","160","0","0","1340005","34","1","5","0"
"0","4","0","0","0","1.635","1","1340006","34","0","6","0"
"0","2","0","vo_nyx_1502","0","0","0","1340007","34","0","7","vo_nyx"
"1.01","1","160","0","280","0","0","1340008","34","1","8","0"
"0","4","0","0","0","2.02","1","1340009","34","0","9","0"
"0","2","0","vo_nyx_1503","0","0","0","1340010","34","0","10","vo_nyx"
"4.04","1","0","0","375","0","0","1340011","34","2","11","0"
"0","4","0","0","0","4.731","1","1340012","34","0","12","0"
"2.766","1","0","0","310","0","0","1340013","34","3","13","0"
"0","4","0","0","0","3.699","1","1340014","34","0","14","0"
"0","2","0","vo_nyx_1504","0","0","0","1340015","34","0","15","vo_nyx"
"2.338","1","0","0","225","0","0","1340016","34","4","16","0"
"0","4","0","0","0","3.085","1","1340017","34","0","17","0"
"0","2","0","vo_nyx_1505","0","0","0","1340018","34","0","18","vo_nyx"
"0.911","1","225","0","340","0","0","1340019","34","4","19","0"
"0","4","0","0","0","2.338","1","1340020","34","0","20","0"
"0","2","0","vo_nyx_1506","0","0","0","1340021","34","0","21","vo_nyx"
"1.789","1","0","0","173","0","0","1340022","34","5","22","0"
"0","4","0","0","0","2.096","1","1340023","34","0","23","0"
"1.992","1","173","0","370","0","0","1340024","34","5","24","0"
"0","4","0","0","0","3.002","1","1340025","34","0","25","0"
"0","2","0","vo_nyx_1507","0","0","0","1340026","34","0","26","vo_nyx"
"1.179","1","0","0","110","0","0","1340027","34","6","27","0"
"0","4","0","0","0","1.679","1","1340028","34","0","28","0"
"1.438","1","110","0","225","0","0","1340029","34","6","29","0"
"0","4","0","0","0","2.096","1","1340030","34","0","30","0"
"0","2","0","vo_nyx_1508","0","0","0","1340031","34","0","31","vo_nyx"
"1.679","1","225","0","395","0","0","1340032","34","6","32","0"
"0","4","0","0","0","1.679","1","1340033","34","0","33","0"
"1.032","1","0","0","90","0","0","1340034","34","7","34","0"
"0","4","0","0","0","1.833","1","1340035","34","0","35","0"
"0","2","0","vo_nyx_1509","0","0","0","1340036","34","0","36","vo_nyx"
"2.788","1","90","0","356","0","0","1340037","34","7","37","0"
"0","4","0","0","0","3.765","1","1340038","34","0","38","0"
"0","2","0","vo_nyx_1510","0","0","0","1340039","34","0","39","vo_nyx"
"0.79","1","0","0","48","0","0","1340040","34","8","40","0"
"0","4","0","0","0","1.35","1","1340041","34","0","41","0"
"2.404","1","48","0","262","0","0","1340042","34","8","42","0"
"0","4","0","0","0","3.117","1","1340043","34","0","43","0"
"0","4","0","0","0","2","3","1340044","34","0","44","0"
"0","2","0","vo_nyx_1511","0","0","0","1340045","34","0","45","vo_nyx"
"1.756","1","262","0","395","0","0","1340046","34","8","46","0"
"0","4","0","0","0","2.59","1","1340047","34","0","47","0"
"1.954","1","0","0","190","0","0","1340048","34","9","48","0"
"0","4","0","0","0","2.415","1","1340049","34","0","49","0"
"1.649","1","190","0","341","0","0","1340050","34","9","50","0"
"0","4","0","0","0","2.228","1","1340051","34","0","51","0"
"0.592","1","341","0","391","0","0","1340052","34","9","52","0"
"0","4","0","0","0","0.592","1","1340053","34","0","53","0"
"1.12","1","0","0","90","0","0","1340054","34","10","54","0"
"0","4","0","0","0","1.68","1","1340055","34","0","55","0"
"2.205","1","90","0","254","0","0","1340056","34","10","56","0"
"0","4","0","0","0","2.908","1","1340057","34","0","57","0"
"1.526","1","254","0","385","0","0","1340058","34","10","58","0"
"0","4","0","0","0","1.526","1","1340059","34","0","59","0"
"1.207","1","0","0","125","0","0","1340060","34","11","60","0"
"0","4","0","0","0","2.448","1","1340061","34","0","61","0"
"0","4","0","0","0","3","3","1340062","34","0","62","0"
"0","2","0","vo_nyx_1512","0","0","0","1340063","34","0","63","vo_nyx"
"1.624","1","125","0","249","0","0","1340064","34","11","64","0"
"0","4","0","0","0","2.294","1","1340065","34","0","65","0"
"1.405","1","249","0","397","0","0","1340066","34","11","66","0"
"0","4","0","0","0","1.405","1","1340067","34","0","67","0"
"0.746","1","0","0","65","0","0","1340068","34","12","68","0"
"0","4","0","0","0","1.822","1","1340069","34","0","69","0"
"0","4","0","0","0","4","3","1340070","34","0","70","0"
"0","2","0","vo_nyx_1513","0","0","0","1340071","34","0","71","vo_nyx"
"2.338","1","72","0","260","0","0","1340072","34","12","72","0"
"0","4","0","0","0","3.227","1","1340073","34","0","73","0"
"0","4","0","0","0","5","3","1340074","34","0","74","0"
"0","2","0","vo_nyx_1514","0","0","0","1340075","34","0","75","vo_nyx"
"1.745","1","0","0","150","0","0","1340076","34","13","76","0"
"0","4","0","0","0","2.195","1","1340077","34","0","77","0"
"1.405","1","150","0","293","0","0","1340078","34","13","78","0"
"0","4","0","0","0","2.437","1","1340079","34","0","79","0"
"0","2","0","vo_nyx_1515","0","0","0","1340080","34","0","80","vo_nyx"
"0.428","1","0","0","42","0","0","1340081","34","14","81","0"
"0","4","0","0","0","2.16","1","1340082","34","0","82","0"