57c665122ab91979a543a6096a8e9294d487965821f219534bc8ef5444c29ba9,27c1abf89763e7cd5b8001b1a30d33672fe3290c3eb50eed87f3245e5db468e8,af10842b541032db37257525f902293addf80682655853487d39fc3b2b0c0a4e,782980ad7efa1b97af39ca66acec26b480e3fa899aee19b2d19c8bafcf43a9b4,d7d2e2a2058b690f3eccdd123b4f57371c3da8d35600fe0987dce9e5db1abdb3,e49aafe1134533af54cb6de80a18251863fc68365b77a780ca96822f41fe4588,09f40fa5c166462edec58832eb7a1f945b694cd24d14e564c93b8b4d4e800556,93ae2b1598a5a643d3b4bacc75931a97640578bdb24a748e28dca819ce659d7b,933bf9a1195d467039ab60e0191c609bd467fa68bad1f8b34ef74341232c65e7,383dec41b8edccf305918b1f3ab65cb04ffe68b360df65ffe579f047c4d11585,99139aafd5116fa25d0c3a9b7ad87f2a7822bb75e6d97f7541a7266c287f52e3
"1001","1","1001","ヒヨリ","0","101","2015/04/01 15:00:00","2030/12/17 14:59:59","0","0","517411"
"1002","1","1002","ユイ","0","134","2015/04/01 15:00:00","2030/12/17 14:59:59","0","0","720111"
"1003","1","1003","レイ","0","163","2015/04/01 15:00:00","2030/12/17 14:59:59","0","0","830111"
"1004","1","1004","ミソギ","0","119","2015/04/01 15:00:00","2030/12/17 14:59:59","0","0","612411"
"1005","1","1005","マツリ","0","109","2015/04/01 15:00:00","2030/12/17 14:59:59","0","0","603211"
"1006","1","1006","アカリ","0","4","2015/04/01 15:00:00","2030/12/17 14:59:59","0","0","1011"
"1007","1","1007","ミヤコ","0","127","2015/04/01 15:00:00","2030/12/17 14:59:59","0","0","617011"
"1008","1","1008","ユキ","0","141","2015/04/01 15:00:00","2030/12/17 14:59:59","0","0","721111"
"1009","1","1009","アンナ","0","18","2015/04/01 15:00:00","2030/12/17 14:59:59","0","0","9431"
"1010","1","1010","マホ","0","113","2015/04/01 15:00:00","2030/12/17 14:59:59","0","0","605411"
"1011","1","1011","リノ","0","152","2015/04/01 15:00:00","2030/12/17 14:59:59","0","0","814411"
"1012","1","1012","ハツネ","0","99","2015/04/01 15:00:00","2030/12/17 14:59:59","0","0","503211"
"1013","1","1013","ナナカ","0","90","2015/04/01 15:00:00","2030/12/17 14:59:59","0","0","404011"
"1014","1","1014","カスミ","0","34","2015/04/01 15:00:00","2030/12/17 14:59:59","0","0","102211"
"1015","1","1015","ミサト","0","118","2015/04/01 15:00:00","2030/12/17 14:59:59","0","0","612021"
"1016","1","1016","スズナ","0","77","2015/04/01 15:00:00","2030/12/17 14:59:59","0","0","222211"
"1017","1","1017","カオリ","0","32","2015/04/01 15:00:00","2030/12/17 14:59:59","0","0","100411"
"1018","1","1018","イオ","0","20","2015/04/01 15:00:00","2030/12/17 14:59:59","0","0","10411"
"1020","1","1020","ミミ","0","125","2015/04/01 15:00:00","2030/12/17 14:59:59","0","0","616111"
"1021","1","1021","クルミ","0","51","2015/04/01 15:00:00","2030/12/17 14:59:59","0","0","128211"
"1022","1","1022","ヨリ","0","146","2015/04/01 15:00:00","2030/12/17 14:59:59","0","0","748111"
"1023","1","1023","アヤネ","0","12","2015/04/01 15:00:00","2030/12/17 14:59:59","0","0","6411"
"1025","1","1025","スズメ","0","80","2015/04/01 15:00:00","2030/12/17 14:59:59","0","0","222221"
"1026","1","1026","リン","0","158","2015/04/01 15:00:00","2030/12/17 14:59:59","0","0","819411"
"1027","1","1027","エリコ","0","28","2015/04/01 15:00:00","2030/12/17 14:59:59","0","0","38111"
"1028","1","1028","サレン","0","60","2015/04/01 15:00:00","2030/12/17 14:59:59","0","0","208311"
"1029","1","1029","ノゾミ","0","98","2015/04/01 15:00:00","2030/12/17 14:59:59","0","0","442411"
"1030","1","1030","ニノン","0","93","2015/04/01 15:00:00","2030/12/17 14:59:59","0","0","414411"
"1031","1","1031","シノブ","0","70","2015/04/01 15:00:00","2030/12/17 14:59:59","0","0","214411"
"1032","1","1032","アキノ","0","6","2015/04/01 15:00:00","2030/12/17 14:59:59","0","0","1111"
"1033","1","1033","マヒル","0","111","2015/04/01 15:00:00","2030/12/17 14:59:59","0","0","605111"
"1034","1","1034","ユカリ","0","137","2015/04/01 15:00:00","2030/12/17 14:59:59","0","0","721011"
"1036","1","1036","キョウカ","0","43","2015/04/01 15:00:00","2030/12/17 14:59:59","0","0","117411"
"1037","1","1037","トモ","0","88","2015/04/01 15:00:00","2030/12/17 14:59:59","0","0","346411"
"1038","1","1038","シオリ","0","65","2015/04/01 15:00:00","2030/12/17 14:59:59","0","0","210411"
"1040","1","1040","アオイ","0","1","2015/04/01 15:00:00","2030/12/17 14:59:59","0","0","411"
"1042","1","1042","チカ","0","85","2015/04/01 15:00:00","2030/12/17 14:59:59","0","0","311011"
"1043","1","1043","マコト","0","107","2015/04/01 15:00:00","2030/12/17 14:59:59","0","0","601411"
"1044","1","1044","イリヤ","0","24","2015/04/01 15:00:00","2030/12/17 14:59:59","0","0","17111"
"1045","1","1045","クウカ","0","45","2015/04/01 15:00:00","2030/12/17 14:59:59","0","0","120211"
"1046","1","1046","タマキ","0","81","2015/04/01 15:00:00","2030/12/17 14:59:59","0","0","306011"
"1047","1","1047","ジュン","0","74","2015/04/01 15:00:00","2030/12/17 14:59:59","0","0","217211"
"1048","1","1048","ミフユ","0","123","2015/04/01 15:00:00","2030/12/17 14:59:59","0","0","615211"
"1049","1","1049","シズル","0","67","2015/04/01 15:00:00","2030/12/17 14:59:59","0","0","212211"
"1050","1","1050","ミサキ","0","116","2015/04/01 15:00:00","2030/12/17 14:59:59","0","0","612011"
"1051","1","1051","ミツキ","0","121","2015/04/01 15:00:00","2030/12/17 14:59:59","0","0","613211"
"1052","1","1052","リマ","0","155","2015/04/01 15:00:00","2030/12/17 14:59:59","0","0","816011"
"1053","1","1053","モニカ","0","131","2015/04/01 15:00:00","2030/12/17 14:59:59","0","0","644111"
"1054","1","1054","ツムギ","0","87","2015/04/01 15:00:00","2030/12/17 14:59:59","0","0","326211"
"1055","1","1055","アユミ","0","14","2015/04/01 15:00:00","2030/12/17 14:59:59","0","0","7211"
"1056","1","1056","ルカ","0","160","2015/04/01 15:00:00","2030/12/17 14:59:59","0","0","821011"
"1057","1","1057","ジータ","0","62","2015/04/01 15:00:00","2030/12/17 14:59:59","0","0","210111"
"1058","1","1058","ペコリーヌ","0","104","2015/04/01 15:00:00","2030/12/17 14:59:59","0","0","541411"
"1059","1","1059","コッコロ","0","57","2015/04/01 15:00:00","2030/12/17 14:59:59","0","0","143211"
"1060","1","1060","キャル","0","41","2015/04/01 15:00:00","2030/12/17 14:59:59","0","0","117011"
"1061","1","1061","ムイミ","0","128","2015/04/01 15:00:00","2030/12/17 14:59:59","0","0","620111"
"1063","1","1063","アリサ","0","15","2015/04/01 15:00:00","2030/12/17 14:59:59","0","0","8121"
"1064","1","1064","シェフィ","0","64","2015/04/01 15:00:00","2030/12/17 14:59:59","0","0","210311"
"1065","1","1065","カヤ","0","37","2015/04/01 15:00:00","2030/12/17 14:59:59","0","0","107011"
"1066","1","1066","イノリ","0","21","2015/04/01 15:00:00","2030/12/17 14:59:59","0","0","14411"
"1067","1","1067","ホマレ","0","106","2015/04/01 15:00:00","2030/12/17 14:59:59","0","0","546111"
"1068","1","1068","ラビリスタ","0","148","2015/04/01 15:00:00","2030/12/17 14:59:59","0","0","805111"
"1069","1","1069","カイザーインサイト","0","31","2015/04/01 15:00:00","2030/12/17 14:59:59","0","0","100111"
"1070","1","1070","ネネカ","0","95","2015/04/01 15:00:00","2030/12/17 14:59:59","0","0","434311"
"1071","1","1071","クリスティーナ","0","50","2015/04/01 15:00:00","2030/12/17 14:59:59","0","0","128121"
"1075","1","1075","ペコリーヌ（サマー）","0","1000","2015/04/01 15:00:00","2030/12/17 14:59:59","0","0","541414"
"1076","1","1076","コッコロ（サマー）","0","1001","2015/04/01 15:00:00","2030/12/17 14:59:59","0","0","143213"
"1077","1","1077","スズメ（サマー）","0","1002","2015/04/01 15:00:00","2030/12/17 14:59:59","0","0","222222"
"1078","1","1078","キャル（サマー）","0","1003","2015/04/01 15:00:00","2030/12/17 14:59:59","0","0","117013"
"1079","1","1079","タマキ（サマー）","0","1005","2015/04/01 15:00:00","2030/12/17 14:59:59","0","0","306014"
"1080","1","1080","ミフユ（サマー）","0","1004","2015/04/01 15:00:00","2030/12/17 14:59:59","0","0","615213"
"1081","1","1081","シノブ（ハロウィン）","0","73","2015/04/01 15:00:00","2030/12/17 14:59:59","0","0","214414"
"1082","1","1082","ミヤコ（ハロウィン）","0","1007","2015/04/01 15:00:00","2030/12/17 14:59:59","0","0","617013"
"1083","1","1083","ミサキ（ハロウィン）","0","1008","2015/04/01 15:00:00","2030/12/17 14:59:59","0","0","612013"
"1084","1","1084","チカ（クリスマス）","0","1009","2015/04/01 15:00:00","2030/12/17 14:59:59","0","0","311012"
"1085","1","1085","クルミ（クリスマス）","0","1010","2015/04/01 15:00:00","2030/12/17 14:59:59","0","0","128212"
"1086","1","1086","アヤネ（クリスマス）","0","1011","2015/04/01 15:00:00","2030/12/17 14:59:59","0","0","6413"
"1087","1","1087","ヒヨリ（ニューイヤー）","0","1012","2015/04/01 15:00:00","2030/12/17 14:59:59","0","0","517414"
"1088","1","1088","ユイ（ニューイヤー）","0","1013","2015/04/01 15:00:00","2030/12/17 14:59:59","0","0","720115"
"1089","1","1089","レイ（ニューイヤー）","0","1014","2015/04/01 15:00:00","2030/12/17 14:59:59","0","0","830114"
"1090","1","1090","エリコ（バレンタイン）","0","1015","2015/04/01 15:00:00","2030/12/17 14:59:59","0","0","38114"
"1091","1","1091","シズル（バレンタイン）","0","1016","2015/04/01 15:00:00","2030/12/17 14:59:59","0","0","212214"
"1092","1","1092","アン","0","16","2015/04/01 15:00:00","2030/12/17 14:59:59","0","0","9411"
"1093","1","1093","ルゥ","0","1017","2015/04/01 15:00:00","2030/12/17 14:59:59","0","0","820211"
"1094","1","1094","グレア","0","53","2015/04/01 15:00:00","2030/12/17 14:59:59","0","0","128311"
"1095","1","1095","クウカ（オーエド）","0","46","2015/04/01 15:00:00","2030/12/17 14:59:59","0","0","120212"
"1096","1","1096","ニノン（オーエド）","0","94","2015/04/01 15:00:00","2030/12/17 14:59:59","0","0","414412"
"1097","1","1097","レム","0","1018","2015/04/01 15:00:00","2030/12/17 14:59:59","0","0","836211"
"1098","1","1098","ラム","0","1019","2015/04/01 15:00:00","2030/12/17 14:59:59","0","0","806211"
"1099","1","1099","エミリア","0","1020","2015/04/01 15:00:00","2030/12/17 14:59:59","0","0","36211"
"1100","1","1100","スズナ（サマー）","0","1021","2015/04/01 15:00:00","2030/12/17 14:59:59","0","0","222212"
"1101","1","1101","イオ（サマー）","0","1022","2015/04/01 15:00:00","2030/12/17 14:59:59","0","0","10412"
"1103","1","1103","サレン（サマー）","0","1023","2015/04/01 15:00:00","2030/12/17 14:59:59","0","0","208313"
"1104","1","1104","マコト（サマー）","0","1024","2015/04/01 15:00:00","2030/12/17 14:59:59","0","0","601413"
"1105","1","1105","カオリ（サマー）","0","1025","2015/04/01 15:00:00","2030/12/17 14:59:59","0","0","100412"
"1106","1","1106","マホ（サマー）","0","1026","2015/04/01 15:00:00","2030/12/17 14:59:59","0","0","605413"
"1107","1","1107","アオイ（編入生）","0","3","2015/04/01 15:00:00","2030/12/17 14:59:59","0","0","414"
"1108","1","1108","クロエ","0","54","2015/04/01 15:00:00","2030/12/17 14:59:59","0","0","128411"
"1109","1","1109","チエル","0","83","2015/04/01 15:00:00","2030/12/17 14:59:59","0","0","310311"
"1110","1","1110","ユニ","0","144","2015/04/01 15:00:00","2030/12/17 14:59:59","0","0","724111"
"1111","1","1111","キョウカ（ハロウィン）","0","1027","2015/04/01 15:00:00","2030/12/17 14:59:59","0","0","117414"
"1112","1","1112","ミソギ（ハロウィン）","0","1028","2015/04/01 15:00:00","2030/12/17 14:59:59","0","0","612413"
"1113","1","1113","ミミ（ハロウィン）","0","126","2015/04/01 15:00:00","2030/12/17 14:59:59","0","0","616113"
"1114","1","1114","ルナ","0","162","2015/04/01 15:00:00","2030/12/17 14:59:59","0","0","824011"
"1115","1","1115","クリスティーナ（クリスマス）","0","1029","2015/04/01 15:00:00","2030/12/17 14:59:59","0","0","128122"
"1116","1","1116","ノゾミ（クリスマス）","0","1030","2015/04/01 15:00:00","2030/12/17 14:59:59","0","0","442412"
"1117","1","1117","イリヤ（クリスマス）","0","26","2015/04/01 15:00:00","2030/12/17 14:59:59","0","0","17113"
"1118","1","1118","ぺコリーヌ（ニューイヤー）","0","1048","2015/04/01 15:00:00","2030/12/17 14:59:59","0","0","541415"
"1119","1","1119","コッコロ（ニューイヤー）","0","1033","2015/04/01 15:00:00","2030/12/17 14:59:59","0","0","143214"
"1120","1","1120","キャル（ニューイヤー）","0","1031","2015/04/01 15:00:00","2030/12/17 14:59:59","0","0","117014"
"1121","1","1121","スズメ（ニューイヤー）","0","1032","2015/04/01 15:00:00","2030/12/17 14:59:59","0","0","222224"
"1122","1","1122","カスミ（マジカル）","0","35","2015/04/01 15:00:00","2030/12/17 14:59:59","0","0","102214"
"1123","1","1123","シオリ（マジカル）","0","1034","2015/04/01 15:00:00","2030/12/17 14:59:59","0","0","210412"
"1124","1","1124","ウヅキ（デレマス）","0","1035","2015/04/01 15:00:00","2030/12/17 14:59:59","0","0","23211"
"1125","1","1125","リン（デレマス）","0","1037","2015/04/01 15:00:00","2030/12/17 14:59:59","0","0","819421"
"1126","1","1126","ミオ（デレマス）","0","1036","2015/04/01 15:00:00","2030/12/17 14:59:59","0","0","610411"
"1127","1","1127","リン（レンジャー）","0","159","2015/04/01 15:00:00","2030/12/17 14:59:59","0","0","819413"
"1128","1","1128","マヒル（レンジャー）","0","112","2015/04/01 15:00:00","2030/12/17 14:59:59","0","0","605113"
"1129","1","1129","リノ（ワンダー）","0","154","2015/04/01 15:00:00","2030/12/17 14:59:59","0","0","814413"
"1130","1","1130","アユミ（ワンダー）","0","1038","2015/04/01 15:00:00","2030/12/17 14:59:59","0","0","7213"
"1131","1","1131","ルカ（サマー）","0","1040","2015/04/01 15:00:00","2030/12/17 14:59:59","0","0","821012"
"1132","1","1132","アンナ（サマー）","0","1039","2015/04/01 15:00:00","2030/12/17 14:59:59","0","0","9432"
"1133","1","1133","ナナカ（サマー）","0","91","2015/04/01 15:00:00","2030/12/17 14:59:59","0","0","404012"
"1134","1","1134","ハツネ（サマー）","0","1041","2015/04/01 15:00:00","2030/12/17 14:59:59","0","0","503212"
"1135","1","1135","ミサト（サマー）","0","1042","2015/04/01 15:00:00","2030/12/17 14:59:59","0","0","612022"
"1136","1","1136","ジュン（サマー）","0","76","2015/04/01 15:00:00","2030/12/17 14:59:59","0","0","217213"
"1137","1","1137","アカリ（エンジェル）","0","5","2015/04/01 15:00:00","2030/12/17 14:59:59","0","0","1012"
"1138","1","1138","ヨリ（エンジェル）","0","147","2015/04/01 15:00:00","2030/12/17 14:59:59","0","0","748112"
"1139","1","1139","ツムギ（ハロウィン）","0","1043","2015/04/01 15:00:00","2030/12/17 14:59:59","0","0","326213"
"1140","1","1140","レイ（ハロウィン）","0","164","2015/04/01 15:00:00","2030/12/17 14:59:59","0","0","830115"
"1141","1","1141","マツリ（ハロウィン）","0","1044","2015/04/01 15:00:00","2030/12/17 14:59:59","0","0","603212"
"1142","1","1142","モニカ（マジカル）","0","133","2015/04/01 15:00:00","2030/12/17 14:59:59","0","0","644113"
"1143","1","1143","トモ（マジカル）","0","89","2015/04/01 15:00:00","2030/12/17 14:59:59","0","0","346413"
"1144","1","1144","アキノ（クリスマス）","0","7","2015/04/01 15:00:00","2030/12/17 14:59:59","0","0","1112"
"1145","1","1145","サレン（クリスマス）","0","61","2015/04/01 15:00:00","2030/12/17 14:59:59","0","0","208312"
"1146","1","1146","ユカリ（クリスマス）","0","139","2015/04/01 15:00:00","2030/12/17 14:59:59","0","0","721013"
"1147","1","1147","ムイミ（ニューイヤー）","0","129","2015/04/01 15:00:00","2030/12/17 14:59:59","0","0","620112"
"1150","1","1150","ネネカ（ニューイヤー）","0","97","2015/04/01 15:00:00","2030/12/17 14:59:59","0","0","434313"
"1155","1","1155","コッコロ（儀装束）","0","1050","2015/04/01 15:00:00","2030/12/17 14:59:59","0","0","143212"
"1156","1","1156","ユイ（儀装束）","0","1051","2015/04/01 15:00:00","2030/12/17 14:59:59","0","0","720113"
"1157","1","1157","カスミ（サマー）","0","36","2015/04/01 15:00:00","2030/12/17 14:59:59","0","0","102212"
"1158","1","1158","リマ（シンデレラ）","0","156","2015/04/01 15:00:00","2030/12/17 14:59:59","0","0","816012"
"1159","1","1159","マコト（シンデレラ）","0","108","2015/04/01 15:00:00","2030/12/17 14:59:59","0","0","601414"
"1160","1","1160","マホ（シンデレラ）","0","115","2015/04/01 15:00:00","2030/12/17 14:59:59","0","0","605414"
"1162","1","1162","クロエ（聖学祭）","0","55","2015/04/01 15:00:00","2030/12/17 14:59:59","0","0","128413"
"1163","1","1163","チエル（聖学祭）","0","84","2015/04/01 15:00:00","2030/12/17 14:59:59","0","0","310312"
"1164","1","1164","ユニ（聖学祭）","0","145","2015/04/01 15:00:00","2030/12/17 14:59:59","0","0","724113"
"1165","1","1165","イノリ（タイムトラベル）","0","23","2015/04/01 15:00:00","2030/12/17 14:59:59","0","0","14413"
"1166","1","1166","カヤ（タイムトラベル）","0","38","2015/04/01 15:00:00","2030/12/17 14:59:59","0","0","107012"
"1167","1","1167","アオイ（作業服）","0","2","2015/04/01 15:00:00","2030/12/17 14:59:59","0","0","413"
"1168","1","1168","タマキ（作業服）","0","1052","2015/04/01 15:00:00","2030/12/17 14:59:59","0","0","306013"
"1169","1","1169","ミフユ（作業服）","0","124","2015/04/01 15:00:00","2030/12/17 14:59:59","0","0","615212"
"1170","1","1170","エリコ（サマー）","0","1053","2015/04/01 15:00:00","2030/12/17 14:59:59","0","0","38113"
"1171","1","1171","シズル（サマー）","0","68","2015/04/01 15:00:00","2030/12/17 14:59:59","0","0","212212"
"1172","1","1172","ノゾミ（サマー）","0","1054","2015/04/01 15:00:00","2030/12/17 14:59:59","0","0","442413"
"1173","1","1173","チカ（サマー）","0","86","2015/04/01 15:00:00","2030/12/17 14:59:59","0","0","311013"
"1174","1","1174","ツムギ（サマー）","0","1055","2015/04/01 15:00:00","2030/12/17 14:59:59","0","0","326212"
"1175","1","1175","ミツキ（オーエド）","0","122","2015/04/01 15:00:00","2030/12/17 14:59:59","0","0","613212"
"1176","1","1176","ユキ（オーエド）","0","142","2015/04/01 15:00:00","2030/12/17 14:59:59","0","0","721112"
"1177","1","1177","カオリ（ハロウィン）","0","33","2015/04/01 15:00:00","2030/12/17 14:59:59","0","0","100413"
"1178","1","1178","ニノン（ハロウィン）","0","1056","2015/04/01 15:00:00","2030/12/17 14:59:59","0","0","414413"
"1179","1","1179","スズナ（ハロウィン）","0","78","2015/04/01 15:00:00","2030/12/17 14:59:59","0","0","222213"
"1180","1","1180","クレジッタ","0","1056","2015/04/01 15:00:00","2030/12/17 14:59:59","0","0","128321"
"1181","1","1181","ランファ","0","150","2015/04/01 15:00:00","2030/12/17 14:59:59","0","0","809211"
"1182","1","1182","ミソラ","0","1084","2015/04/01 15:00:00","2030/12/17 14:59:59","0","0","612431"
"1185","1","1185","カリン","0","39","2015/04/01 15:00:00","2030/12/17 14:59:59","0","0","108111"
"1190","1","1190","イオ（ノワール）","0","1057","2015/04/01 15:00:00","2030/12/17 14:59:59","0","0","10413"
"1191","1","1191","クウカ（ノワール）","0","48","2015/04/01 15:00:00","2030/12/17 14:59:59","0","0","120214"
"1192","1","1192","マヒル（クリスマス）","0","1058","2015/04/01 15:00:00","2030/12/17 14:59:59","0","0","605112"
"1193","1","1193","リノ（クリスマス）","0","153","2015/04/01 15:00:00","2030/12/17 14:59:59","0","0","814412"
"1199","1","1199","ミヤコ（クリスマス）","0","1059","2015/04/01 15:00:00","2030/12/17 14:59:59","0","0","617012"
"1200","1","1200","シズル（ノワール）","0","1085","2015/04/01 15:00:00","2030/12/17 14:59:59","0","0","212213"
"1207","1","1207","シェフィ（ニューイヤー）","0","1060","2015/04/01 15:00:00","2030/12/17 14:59:59","0","0","210312"
"1208","1","1208","ルカ（ニューイヤー）","0","1061","2015/04/01 15:00:00","2030/12/17 14:59:59","0","0","821013"
"1209","1","1209","イリヤ（ニューイヤー）","0","1062","2015/04/01 15:00:00","2030/12/17 14:59:59","0","0","17114"
"1210","1","1210","ぺコリーヌ（オーバーロード）","0","1063","2015/04/01 15:00:00","2030/12/17 14:59:59","0","0","541412"
"1211","1","1211","キャル（オーバーロード）","0","1065","2015/04/01 15:00:00","2030/12/17 14:59:59","0","0","117012"
"1212","1","1212","ラビリスタ（オーバーロード）","0","1064","2015/04/01 15:00:00","2030/12/17 14:59:59","0","0","805112"
"1213","1","1213","クルミ（ステージ）","0","52","2015/04/01 15:00:00","2030/12/17 14:59:59","0","0","128213"
"1214","1","1214","ミサキ（ステージ）","0","117","2015/04/01 15:00:00","2030/12/17 14:59:59","0","0","612012"
"1215","1","1215","アユミ（怪盗）","0","1067","2015/04/01 15:00:00","2030/12/17 14:59:59","0","0","7212"
"1216","1","1216","イノリ（怪盗）","0","22","2015/04/01 15:00:00","2030/12/17 14:59:59","0","0","14412"
"1219","1","1219","アンナ（パイレーツ）","0","19","2015/04/01 15:00:00","2030/12/17 14:59:59","0","0","9433"
"1220","1","1220","シノブ（パイレーツ）","0","72","2015/04/01 15:00:00","2030/12/17 14:59:59","0","0","214413"
"1221","1","1221","アオイ（キャンプ）","0","1068","2015/04/01 15:00:00","2030/12/17 14:59:59","0","0","412"
"1222","1","1222","ユカリ（キャンプ）","0","138","2015/04/01 15:00:00","2030/12/17 14:59:59","0","0","721012"
"1223","1","1223","ヴァンピィ","0","27","2015/04/01 15:00:00","2030/12/17 14:59:59","0","0","20011"
"1224","1","1224","ヒヨリ（サマー）","0","1069","2015/04/01 15:00:00","2030/12/17 14:59:59","0","0","517413"
"1225","1","1225","レイ（サマー）","0","1070","2015/04/01 15:00:00","2030/12/17 14:59:59","0","0","830113"
"1226","1","1226","ユイ（サマー）","0","135","2015/04/01 15:00:00","2030/12/17 14:59:59","0","0","720114"
"1227","1","1227","キョウカ（サマー）","0","44","2015/04/01 15:00:00","2030/12/17 14:59:59","0","0","117412"
"1228","1","1228","ミソギ（サマー）","0","1071","2015/04/01 15:00:00","2030/12/17 14:59:59","0","0","612412"
"1229","1","1229","ミミ（サマー）","0","1072","2015/04/01 15:00:00","2030/12/17 14:59:59","0","0","616112"
"1230","1","1230","アメス","0","11","2015/04/01 15:00:00","2030/12/17 14:59:59","0","0","6312"
"1231","1","1231","マホ（エクスプローラー）","0","114","2015/04/01 15:00:00","2030/12/17 14:59:59","0","0","605412"
"1232","1","1232","アヤネ（エクスプローラー）","0","13","2015/04/01 15:00:00","2030/12/17 14:59:59","0","0","6412"
"1233","1","1233","ネア","0","1073","2015/04/01 15:00:00","2030/12/17 14:59:59","0","0","430011"
"1235","1","1235","リン（ハロウィン）","0","1074","2015/04/01 15:00:00","2030/12/17 14:59:59","0","0","819412"
"1236","1","1236","トモ（ハロウィン）","0","1075","2015/04/01 15:00:00","2030/12/17 14:59:59","0","0","346412"
"1237","1","1237","ナナカ（ハロウィン）","0","92","2015/04/01 15:00:00","2030/12/17 14:59:59","0","0","404013"
"1238","1","1238","クリスティーナ（ワイルド）","0","1076","2015/04/01 15:00:00","2030/12/17 14:59:59","0","0","128123"
"1239","1","1239","マツリ（ワイルド）","0","110","2015/04/01 15:00:00","2030/12/17 14:59:59","0","0","603213"
"1240","1","1240","アカリ（クリスマス）","0","1077","2015/04/01 15:00:00","2030/12/17 14:59:59","0","0","1013"
"1241","1","1241","ヨリ（クリスマス）","0","1078","2015/04/01 15:00:00","2030/12/17 14:59:59","0","0","748113"
"1242","1","1242","ジュン（クリスマス）","0","75","2015/04/01 15:00:00","2030/12/17 14:59:59","0","0","217212"
"1245","1","1245","ホマレ（ニューイヤー）","0","1081","2015/04/01 15:00:00","2030/12/17 14:59:59","0","0","546112"
"1246","1","1246","ミサト（ニューイヤー）","0","1080","2015/04/01 15:00:00","2030/12/17 14:59:59","0","0","612023"
"1247","1","1247","ミツキ（ニューイヤー）","0","1079","2015/04/01 15:00:00","2030/12/17 14:59:59","0","0","613213"
"1248","1","1248","ノゾミ（リベレイター）","0","1082","2015/04/01 15:00:00","2030/12/17 14:59:59","0","0","442414"
"1249","1","1249","カヤ（リベレイター）","0","1083","2015/04/01 15:00:00","2030/12/17 14:59:59","0","0","107013"
"1250","1","1250","ムイミ（リベレイター）","0","130","2015/04/01 15:00:00","2030/12/17 14:59:59","0","0","620113"
"1251","1","1251","タマキ（カフェ）","0","82","2015/04/01 15:00:00","2030/12/17 14:59:59","0","0","306012"
"1252","1","1252","モニカ（カフェ）","0","132","2015/04/01 15:00:00","2030/12/17 14:59:59","0","0","644112"
"1253","1","1253","コッコロ（レンジャー）","0","59","2015/04/01 15:00:00","2030/12/17 14:59:59","0","0","143216"
"1254","1","1254","シオリ（レンジャー）","0","66","2015/04/01 15:00:00","2030/12/17 14:59:59","0","0","210413"
"1255","1","1255","ジータ（ウォーロック）","0","63","2015/04/01 15:00:00","2030/12/17 14:59:59","0","0","210112"
"1256","1","1256","ビカラ","0","1086","2015/04/01 15:00:00","2030/12/17 14:59:59","0","0","511011"
"1257","1","1257","カリン（アルケミスト）","0","40","2015/04/01 15:00:00","2030/12/17 14:59:59","0","0","108112"
"1258","1","1258","リリ（フォールン）","0","157","2015/04/01 15:00:00","2030/12/17 14:59:59","0","0","818111"
"1260","1","1260","クリア（フォールン）","0","49","2015/04/01 15:00:00","2030/12/17 14:59:59","0","0","128111"
"1261","1","1261","プレシア（フォールン）","0","103","2015/04/01 15:00:00","2030/12/17 14:59:59","0","0","528311"
"1262","1","1262","イリヤ（儀装束）","0","25","2015/04/01 15:00:00","2030/12/17 14:59:59","0","0","17112"
"1263","1","1263","ユキ（儀装束）","0","143","2015/04/01 15:00:00","2030/12/17 14:59:59","0","0","721113"
"1264","1","1264","クローチェ","0","56","2015/04/01 15:00:00","2030/12/17 14:59:59","0","0","128421"
"1265","1","1265","ライラエル","0","149","2015/04/01 15:00:00","2030/12/17 14:59:59","0","0","800111"
"1266","1","1266","ネネカ（サマー）","0","96","2015/04/01 15:00:00","2030/12/17 14:59:59","0","0","434312"
"1267","1","1267","アキノ（サマー）","0","8","2015/04/01 15:00:00","2030/12/17 14:59:59","0","0","1113"
"1268","1","1268","ユカリ（サマー）","0","140","2015/04/01 15:00:00","2030/12/17 14:59:59","0","0","721014"
"1269","1","1269","ランファ（サマー）","0","151","2015/04/01 15:00:00","2030/12/17 14:59:59","0","0","809212"
"1270","1","1270","クウカ（サマー）","0","47","2015/04/01 15:00:00","2030/12/17 14:59:59","0","0","120213"
"1271","1","1271","シノブ（サマー）","0","71","2015/04/01 15:00:00","2030/12/17 14:59:59","0","0","214412"
"1272","1","1272","キャル（編入生）","0","1087","2015/04/01 15:00:00","2030/12/17 14:59:59","0","0","117016"
"1273","1","1273","スズナ（編入生）","0","79","2015/04/01 15:00:00","2030/12/17 14:59:59","0","0","222214"
"1275","1","1275","サレン（サラサリア）","0","1088","2015/04/01 15:00:00","2030/12/17 14:59:59","0","0","208314"
"1276","1","1276","ルカ（サラサリア）","0","161","2015/04/01 15:00:00","2030/12/17 14:59:59","0","0","821014"
"1279","1","1279","ペコリーヌ（クリスマス）","0","1089","2015/04/01 15:00:00","2030/12/17 14:59:59","0","0","541413"
"1280","1","1280","クレジッタ（クリスマス）","0","1090","2015/04/01 15:00:00","2030/12/17 14:59:59","0","0","128322"
"1283","1","1283","イノリ（ニューイヤー）","0","1091","2015/04/01 15:00:00","2030/12/17 14:59:59","0","0","14414"
"1284","1","1284","ハツネ（ニューイヤー）","0","1092","2015/04/01 15:00:00","2030/12/17 14:59:59","0","0","503213"
"1285","1","1285","カスミ（ニューイヤー）","0","1093","2015/04/01 15:00:00","2030/12/17 14:59:59","0","0","102213"
"1287","1","1287","ヒヨリ（アストラル）","0","1094","2015/04/01 15:00:00","2030/12/17 14:59:59","0","0","517412"
"1288","1","1288","レイ（アストラル）","0","1095","2015/04/01 15:00:00","2030/12/17 14:59:59","0","0","830112"
"1289","1","1289","ユイ（アストラル）","0","1096","2015/04/01 15:00:00","2030/12/17 14:59:59","0","0","720112"
"1290","1","1290","エリス","0","30","2015/04/01 15:00:00","2030/12/17 14:59:59","0","0","38131"
"1293","1","1293","ユニ（ウィンター）","0","1097","2015/04/01 15:00:00","2030/12/17 14:59:59","0","0","724112"
"1294","1","1294","クロエ（ウィンター）","0","1098","2015/04/01 15:00:00","2030/12/17 14:59:59","0","0","128412"
"1296","1","1296","アネモネ","0","10","2015/04/01 15:00:00","2030/12/17 14:59:59","0","0","4011"
"1298","1","1298","マコト（コマンダー）","0","1099","2015/04/01 15:00:00","2030/12/17 14:59:59","0","0","601412"
"1299","1","1299","エリコ（コマンダー）","0","29","2015/04/01 15:00:00","2030/12/17 14:59:59","0","0","38112"
"1307","1","1307","キョウカ（スプリング）","0","1111","2015/04/01 15:00:00","2030/12/17 14:59:59","0","0","117413"
"1308","1","1308","スズメ（スプリング）","0","80","2015/04/01 15:00:00","2030/12/17 14:59:59","0","0","222223"
"1801","1","1801","ヒヨリ（プリンセス）","0","102","2015/04/01 15:00:00","2030/12/17 14:59:59","0","0","517415"
"1802","1","1802","ユイ（プリンセス）","0","136","2015/04/01 15:00:00","2030/12/17 14:59:59","0","0","720116"
"1803","1","1803","レイ（プリンセス）","0","165","2015/04/01 15:00:00","2030/12/17 14:59:59","0","0","830116"
"1804","1","1804","ぺコリーヌ（プリンセス）","0","105","2015/04/01 15:00:00","2030/12/17 14:59:59","0","0","541416"
"1805","1","1805","コッコロ（プリンセス）","0","58","2015/04/01 15:00:00","2030/12/17 14:59:59","0","0","143215"
"1806","1","1806","キャル（プリンセス）","0","42","2015/04/01 15:00:00","2030/12/17 14:59:59","0","0","117015"
"1807","1","1807","ハツネ＆シオリ","0","100","2015/04/01 15:00:00","2030/12/17 14:59:59","0","0","503221"
"1808","1","1808","ミソギ＆ミミ＆キョウカ","0","120","2015/04/01 15:00:00","2030/12/17 14:59:59","0","0","612421"
"1809","1","1809","アキノ＆サレン","0","9","2015/04/01 15:00:00","2030/12/17 14:59:59","0","0","1121"
"1810","1","1810","アン＆グレア","0","17","2015/04/01 15:00:00","2030/12/17 14:59:59","0","0","9421"
"1811","1","1811","シズル＆リノ","0","69","2015/04/01 15:00:00","2030/12/17 14:59:59","0","0","212221"
"1900","1","1900","アメス","0","9900","2015/04/01 15:00:00","2030/12/17 14:59:59","0","0","6311"
"2000","2","0","序章_絆をつなぐものたち","2000002","1","2015/04/01 15:00:00","2030/12/17 14:59:59","0","0","999900"
"2001","2","0","第1章_謎の少女と記憶の鍵","2001005","2","2015/04/01 15:00:00","2030/12/17 14:59:59","0","1","999901"
"2002","2","0","第2章_誓約女君（レジーナゲッシュ）","2002005","3","2015/04/01 15:00:00","2030/12/17 14:59:59","0","1","999902"
"2003","2","0","第3章_襲来する黒き幻影（シャドウ）","2003005","4","2015/04/01 15:00:00","2030/12/17 14:59:59","0","1","999903"
"2004","2","0","第4章_災厄の牧場（エリザベスパーク）","2004005","5","2015/04/01 15:00:00","2030/12/17 14:59:59","0","1","999904"
"2005","2","0","第5章_集結、七冠（セブンクラウンズ）","2005006","6","2015/04/01 15:00:00","2030/12/17 14:59:59","0","1","999905"
"2006","2","0","第6章_忘れられた王女","2006013","7","2015/04/01 15:00:00","2030/12/17 14:59:59","0","1","999906"
"2007","2","0","第7章_予言された災禍","2007012","8","2015/04/01 15:00:00","2030/12/17 14:59:59","0","1","999907"
"2008","2","0","第8章_すれちがう想い","2008015","9","2015/04/01 15:00:00","2030/12/17 14:59:59","0","1","999908"
"2009","2","0","第9章_狙われたライブ","2009099","10","2015/04/01 15:00:00","2030/12/17 14:59:59","0","1","999909"
"2010","2","0","第10章_ペコリーヌ救出作戦","2010006","11","2015/04/01 15:00:00","2030/12/17 14:59:59","0","1","999910"
"2011","2","0","第11章_希望を挫く黒鉄","2011008","12","2015/04/01 15:00:00","2030/12/17 14:59:59","0","1","999911"
"2012","2","0","第12章_仮面の下の素顔","2012014","13","2015/04/01 15:00:00","2030/12/17 14:59:59","0","1","999912"
"2013","2","0","第13章_決戦、ランドソル","2013015","14","2015/04/01 15:00:00","2030/12/17 14:59:59","0","1","999913"
"2014","2","0","第14章_兇滅の覇瞳皇帝","2014008","15","2015/04/01 15:00:00","2030/12/17 14:59:59","0","1","999914"
"2015","2","0","第15章_Re：コネクト","2015009","16","2015/04/01 15:00:00","2030/12/17 14:59:59","0","1","999915"
"2101","2","0","第2部 第1章_冒険、再び","2101014","17","2015/04/01 15:00:00","2030/12/17 14:59:59","0","1","999921"
"2102","2","0","第2部 第2章_禍のレギオン","2102011","18","2015/04/01 15:00:00","2030/12/17 14:59:59","0","1","999922"
"2103","2","0","第2部 第3章_嵐のはじまり","2103017","19","2015/04/01 15:00:00","2030/12/17 14:59:59","0","1","999923"
"2104","2","0","第2部 第4章_仮初のクラスメイト","2104008","20","2015/04/01 15:00:00","2030/12/17 14:59:59","0","1","999924"
"2105","2","0","第2部 第5章_竜たちと金貨の坩堝","2105002","21","2015/04/01 15:00:00","2030/12/17 14:59:59","0","1","999925"
"2106","2","0","第2部 第6章_オーエド漫遊湯煙旅情","2106006","22","2015/04/01 15:00:00","2030/12/17 14:59:59","0","1","999926"
"2107","2","0","第2部 第7章_闇から伸びる手","2107099","23","2015/04/01 15:00:00","2030/12/17 14:59:59","0","1","999927"
"2108","2","0","第2部 第8章_ゼーンの覚醒","2108005","24","2015/04/01 15:00:00","2030/12/17 14:59:59","0","1","999928"
"2109","2","0","第2部 第9章_大決闘！【レイジ・レギオン】","2109012","25","2015/04/01 15:00:00","2030/12/17 14:59:59","0","1","999929"
"2110","2","0","第2部 第10章_獣人族の国・セントールス","2110010","26","2015/04/01 15:00:00","2030/12/17 14:59:59","0","1","999930"
"2111","2","0","第2部 第11章_虚空と魔性の遊戯","2111009","27","2015/04/01 15:00:00","2030/12/17 14:59:59","0","1","999931"
"2112","2","0","第2部 第12章_激突、七冠","2112008","28","2015/04/01 15:00:00","2030/12/17 14:59:59","0","1","999932"
"2113","2","0","第2部 第13章_囚われのアメス","2113008","29","2015/04/01 15:00:00","2030/12/17 14:59:59","0","1","999933"
"2114","2","0","第2部 第14章_閉じる理想郷","2114006","30","2015/04/01 15:00:00","2030/12/17 14:59:59","0","1","999934"
"2115","2","0","第2部 第15章_終局序曲","2115008","31","2015/04/01 15:00:00","2030/12/17 14:59:59","0","1","999935"
"2116","2","0","第2部 第16章_エンドワールド","2116011","32","2015/04/01 15:00:00","2030/12/17 14:59:59","0","1","999936"
"2201","2","0","第3部 第1章_リバースワールド","2201007","33","2015/04/01 15:00:00","2030/12/17 14:59:59","0","1","999937"
"2202","2","0","第3部 第2章_驀進！　バンディ・シスターズ","2202006","34","2015/04/01 15:00:00","2030/12/17 14:59:59","0","1","999938"
"2203","2","0","第3部 第3章_宝石兎と天使の雷","2203005","35","2015/04/01 15:00:00","2030/12/17 14:59:59","0","1","999939"
"2204","2","0","第3部 第4章_存亡のジオ・テオゴニア","2204004","36","2015/04/01 15:00:00","2030/12/17 14:59:59","0","0","999940"
"2205","2","0","第3部 第5章_ジオ・ゲヘナと煉華の不死鳥","2205006","37","2015/04/01 15:00:00","2030/12/17 14:59:59","0","0","999941"
"2206","2","0","第3部 第6章_アルターメイデンvsバンディ・シスターズ","2206005","38","2015/04/01 15:00:00","2030/12/17 14:59:59","0","0","999942"
"2207","2","0","第3部 第7章_アネモネの涙","2207006","39","2015/04/01 15:00:00","2030/12/17 14:59:59","0","0","999943"
"2208","2","0","第3部 第8章_四世界プリンセス会議","2208001","40","2015/04/01 15:00:00","2030/12/17 14:59:59","0","0","999944"
"3001","3","1","美食殿","0","1","2015/04/01 15:00:00","2030/12/17 14:59:59","0","0","512111"
"3002","3","2","王宮騎士団ーNIGHTMAREー","0","8","2015/04/01 15:00:00","2030/12/17 14:59:59","0","0","400111"
"3003","3","3","サレンディア救護院","0","9","2015/04/01 15:00:00","2030/12/17 14:59:59","0","0","208321"
"3004","3","4","自警団ーカォンー","0","10","2015/04/01 15:00:00","2030/12/17 14:59:59","0","0","100421"
"3005","3","5","牧場ーエリザベスパークー","0","11","2015/04/01 15:00:00","2030/12/17 14:59:59","0","0","38121"
"3006","3","6","ラビリンス","0","3","2015/04/01 15:00:00","2030/12/17 14:59:59","0","0","805111"
"3007","3","7","トゥインクルウィッシュ","0","2","2015/04/01 15:00:00","2030/12/17 14:59:59","0","0","340211"
"3008","3","8","メルクリウス財団","0","12","2015/04/01 15:00:00","2030/12/17 14:59:59","0","0","638211"
"3009","3","9","フォレスティエ","0","6","2015/04/01 15:00:00","2030/12/17 14:59:59","0","0","520411"
"3010","3","10","カルミナ","0","4","2015/04/01 15:00:00","2030/12/17 14:59:59","0","0","108211"
"3011","3","11","トワイライトキャラバン","0","13","2015/04/01 15:00:00","2030/12/17 14:59:59","0","0","349011"
"3012","3","12","ヴァイスフリューゲル\nランドソル支部","0","15","2015/04/01 15:00:00","2030/12/17 14:59:59","0","0","20011"
"3013","3","13","リトルリリカル","0","5","2015/04/01 15:00:00","2030/12/17 14:59:59","0","0","813411"
"3014","3","14","悪魔偽王国軍\nーディアボロスー","0","7","2015/04/01 15:00:00","2030/12/17 14:59:59","0","0","330111"
"3015","3","15","ルーセント学院","0","14","2015/04/01 15:00:00","2030/12/17 14:59:59","0","0","820221"
"3016","3","16","聖テレサ女学院（なかよし部）","0","16","2015/04/01 15:00:00","2030/12/17 14:59:59","0","0","239411"
"3017","3","17","ドラゴンズネスト","0","17","2015/04/01 15:00:00","2030/12/17 14:59:59","0","0","348011"
"4001","4","0","ギルドハウス","0","1","2015/04/01 15:00:00","2030/12/17 14:59:59","5","0","118211"
"4002","4","0","アリーナ","0","1","2015/04/01 15:00:00","2030/12/17 14:59:59","4","0","8111"
"4003","4","0","ダンジョン","0","1","2015/04/01 15:00:00","2030/12/17 14:59:59","3","0","309411"
"4004","4","5","イベント","0","1","2015/04/01 15:00:00","2030/12/17 14:59:59","1","0","15311"
"4005","4","0","ルナの塔","0","1","2015/04/01 15:00:00","2030/12/17 14:59:59","2","0","824021"
"4006","4","0","ロボリマ来襲！","0","1","2015/04/01 15:00:00","2030/12/17 14:59:59","6","0","845411"
"4007","4","0","バトルオブランドソル","0","1","2015/04/01 15:00:00","2030/12/17 14:59:59","6","0","503411"
"4008","4","0","アドベンチャー","0","1","2015/04/01 15:00:00","2030/12/17 14:59:59","3","0","3411"
"4009","4","0","ルナの塔 次元断層","0","1","2015/04/01 15:00:00","2030/12/17 14:59:59","3","0","3411"
"4010","4","0","バースデーストーリー","0","1","2015/04/01 15:00:00","2030/12/17 14:59:59","7","0","5000"
"4011","4","0","バトルスタジアム","0","1","2015/04/01 15:00:00","2030/12/17 14:59:59","4","0","8111"
"9001","9","0","王都終末決戦","0","0","2015/04/01 15:00:00","2030/12/17 14:59:59","6","0","40211"
"9002","4","0","3rd Anniversary","0","0","2015/04/01 15:00:00","2030/12/17 14:59:59","6","0","40211"
"9004","4","0","4th Anniversary","0","0","2015/04/01 15:00:00","2030/12/17 14:59:59","6","0","40211"
"9005","4","0","4.5 Year Anniversary","0","0","2015/04/01 15:00:00","2030/12/17 14:59:59","6","0","40211"
"9006","4","0","5th Anniversary","0","0","2015/04/01 15:00:00","2030/12/17 14:59:59","6","0","40211"
"9007","4","0","5.5 Year Anniversary","0","0","2015/04/01 15:00:00","2030/12/17 14:59:59","6","0","40211"
"9008","4","0","6th Anniversary","0","0","2015/04/01 15:00:00","2030/12/17 14:59:59","6","0","40211"