8d9e1723f72b8402a476aad6a86a2af336c4801c9a244ca943e204c34178d384,e7d43b445003f90ea5dbbd6822af115e3da6d4e798e63de127e76d9576572ac3,e4b203d5db4db69db746523938b0567d3b2b48f34559bd72dd3b84d4f4ecdf97,e8b467ef3ff5bfa8241fb1137fe0f1de7575d198cdc852b0614b162e7a738f77,9c01b262011be55759c32007754e652307955f0c330c96c0e0a6dfe15657b5d0,4ebcf10d0a3d4b46d6c04e871c87217a581893161c770a0aea27b68c79adc516
"10","2","500","1","1","10"
"10","3","500","1","1","20"
"10","4","500","1","1","30"
"10","5","500","1","1","40"
"10","6","500","1","1","50"
"10","7","500","1","1","60"
"10","8","500","1","1","70"
"10","9","500","1","1","80"
"10","10","500","1","1","90"
"15","11","500","1","1","105"
"15","12","500","1","1","120"
"15","13","500","1","1","135"
"15","14","500","1","1","150"
"15","15","500","1","1","165"
"15","16","500","1","1","180"
"15","17","500","1","1","195"
"15","18","500","1","1","210"
"15","19","500","1","1","225"
"15","20","500","1","1","240"
"25","21","500","1","1","265"
"25","22","500","1","1","290"
"25","23","500","1","1","315"
"25","24","500","1","1","340"
"25","25","500","1","1","365"
"25","26","500","1","1","390"
"25","27","500","1","1","415"
"25","28","500","1","1","440"
"25","29","500","1","1","465"
"25","30","500","1","1","490"
"40","31","500","1","2","530"
"40","32","500","1","2","570"
"40","33","500","1","2","610"
"40","34","500","1","2","650"
"40","35","500","1","2","690"
"40","36","500","1","2","730"
"40","37","500","1","2","770"
"40","38","500","1","2","810"
"40","39","500","1","2","850"
"40","40","500","1","2","890"
"50","41","500","1","2","940"
"50","42","500","1","2","990"
"50","43","500","1","2","1040"
"50","44","500","1","2","1090"
"50","45","500","1","2","1140"
"50","46","500","1","2","1190"
"50","47","500","1","2","1240"
"50","48","500","1","2","1290"
"50","49","500","1","2","1340"
"50","50","500","1","2","1390"
"60","51","500","1","3","1450"
"60","52","500","1","3","1510"
"60","53","500","1","3","1570"
"60","54","500","1","3","1630"
"60","55","500","1","3","1690"
"60","56","500","1","3","1750"
"60","57","500","1","3","1810"
"60","58","500","1","3","1870"
"60","59","500","1","3","1930"
"60","60","500","1","3","1990"
"75","61","600","1","3","2065"
"75","62","600","1","3","2140"
"75","63","600","1","3","2215"
"75","64","600","1","3","2290"
"75","65","600","1","3","2365"
"75","66","600","1","3","2440"
"75","67","600","1","3","2515"
"75","68","600","1","3","2590"
"75","69","600","1","3","2665"
"75","70","600","1","3","2740"
"100","71","600","1","4","2840"
"100","72","600","1","4","2940"
"100","73","600","1","4","3040"
"100","74","600","1","4","3140"
"100","75","600","1","4","3240"
"100","76","600","1","4","3340"
"100","77","600","1","4","3440"
"100","78","600","1","4","3540"
"100","79","600","1","4","3640"
"100","80","600","1","4","3740"
"125","81","600","1","4","3865"
"125","82","600","1","4","3990"
"125","83","600","1","4","4115"
"125","84","600","1","4","4240"
"125","85","600","1","4","4365"
"125","86","600","1","4","4490"
"125","87","600","1","4","4615"
"125","88","600","1","4","4740"
"125","89","600","1","4","4865"
"125","90","600","1","4","4990"
"150","91","600","1","5","5140"
"150","92","600","1","5","5290"
"150","93","600","1","5","5440"
"150","94","600","1","5","5590"
"150","95","600","1","5","5740"
"150","96","600","1","5","5890"
"150","97","600","1","5","6040"
"150","98","600","1","5","6190"
"150","99","600","1","5","6340"
"150","100","600","1","5","6490"
"175","101","600","1","5","6665"
"175","102","600","1","5","6840"
"175","103","600","1","5","7015"
"175","104","600","1","5","7190"
"175","105","600","1","5","7365"
"175","106","600","1","5","7540"
"175","107","600","1","5","7715"
"175","108","600","1","5","7890"
"175","109","600","1","5","8065"
"175","110","600","1","5","8240"
"200","111","600","1","6","8440"
"200","112","600","1","6","8640"
"200","113","600","1","6","8840"
"200","114","600","1","6","9040"
"200","115","600","1","6","9240"
"200","116","600","1","6","9440"
"200","117","600","1","6","9640"
"200","118","600","1","6","9840"
"200","119","600","1","6","10040"
"200","120","600","1","6","10240"
"225","121","600","1","6","10465"
"225","122","600","1","6","10690"
"225","123","600","1","6","10915"
"225","124","600","1","6","11140"
"225","125","600","1","6","11365"
"225","126","600","1","6","11590"
"225","127","600","1","6","11815"
"225","128","600","1","6","12040"
"225","129","600","1","6","12265"
"225","130","600","1","6","12490"
"250","131","600","1","7","12740"
"250","132","600","1","7","12990"
"250","133","600","1","7","13240"
"250","134","600","1","7","13490"
"250","135","600","1","7","13740"
"250","136","600","1","7","13990"
"250","137","600","1","7","14240"
"250","138","600","1","7","14490"
"250","139","600","1","7","14740"
"250","140","600","1","7","14990"
"250","141","600","1","8","15240"
"250","142","600","1","8","15490"
"250","143","600","1","8","15740"
"250","144","600","1","8","15990"
"250","145","600","1","8","16240"
"250","146","600","1","8","16490"
"250","147","600","1","8","16740"
"250","148","600","1","8","16990"
"250","149","600","1","8","17240"
"250","150","600","1","8","17490"
"250","151","600","1","9","17740"
"250","152","600","1","9","17990"
"250","153","600","1","9","18240"
"250","154","600","1","9","18490"
"250","155","600","1","9","18740"
"250","156","600","1","9","18990"
"250","157","600","1","9","19240"
"250","158","600","1","9","19490"
"250","159","600","1","9","19740"
"250","160","600","1","9","19990"
"250","161","600","1","10","20240"
"250","162","600","1","10","20490"
"250","163","600","1","10","20740"
"250","164","600","1","10","20990"
"250","165","600","1","10","21240"
"250","166","600","1","10","21490"
"250","167","600","1","10","21740"
"250","168","600","1","10","21990"
"250","169","600","1","10","22240"
"250","170","600","1","10","22490"
"250","171","600","1","11","22740"
"250","172","600","1","11","22990"
"250","173","600","1","11","23240"
"250","174","600","1","11","23490"
"250","175","600","1","11","23740"
"250","176","600","1","11","23990"
"250","177","600","1","11","24240"
"250","178","600","1","11","24490"
"250","179","600","1","11","24740"
"250","180","600","1","11","24990"
"250","181","600","1","12","25240"
"250","182","600","1","12","25490"
"250","183","600","1","12","25740"
"250","184","600","1","12","25990"
"250","185","600","1","12","26240"
"250","186","600","1","12","26490"
"250","187","600","1","12","26740"
"250","188","600","1","12","26990"
"250","189","600","1","12","27240"
"250","190","600","1","12","27490"
"250","191","600","1","13","27740"
"250","192","600","1","13","27990"
"250","193","600","1","13","28240"
"250","194","600","1","13","28490"
"250","195","600","1","13","28740"
"250","196","600","1","13","28990"
"250","197","600","1","13","29240"
"250","198","600","1","13","29490"
"250","199","600","1","13","29740"
"250","200","600","1","13","29990"
"250","201","600","1","14","30240"
"250","202","600","1","14","30490"
"250","203","600","1","14","30740"
"250","204","600","1","14","30990"
"250","205","600","1","14","31240"
"250","206","600","1","14","31490"
"250","207","600","1","14","31740"
"250","208","600","1","14","31990"
"250","209","600","1","14","32240"
"250","210","600","1","14","32490"
"250","211","680","1","15","32740"
"250","212","680","1","15","32990"
"250","213","680","1","15","33240"
"250","214","680","1","15","33490"
"250","215","680","1","15","33740"
"250","216","680","1","15","33990"
"250","217","680","1","15","34240"
"250","218","680","1","15","34490"
"250","219","680","1","15","34740"
"250","220","680","1","15","34990"
"250","221","680","1","16","35240"
"250","222","680","1","16","35490"
"250","223","680","1","16","35740"
"250","224","680","1","16","35990"
"250","225","680","1","16","36240"
"250","226","680","1","16","36490"
"250","227","680","1","16","36740"
"250","228","680","1","16","36990"
"250","229","680","1","16","37240"
"250","230","680","1","16","37490"
"250","231","680","1","17","37740"
"250","232","680","1","17","37990"
"250","233","680","1","17","38240"
"250","234","680","1","17","38490"
"250","235","680","1","17","38740"
"250","236","680","1","17","38990"
"250","237","680","1","17","39240"
"250","238","680","1","17","39490"
"250","239","680","1","17","39740"
"250","240","680","1","17","39990"
"250","241","680","1","18","40240"
"250","242","680","1","18","40490"
"250","243","680","1","18","40740"
"250","244","680","1","18","40990"
"250","245","680","1","18","41240"
"250","246","680","1","18","41490"
"250","247","680","1","18","41740"
"250","248","680","1","18","41990"
"250","249","680","1","18","42240"
"250","250","680","1","18","42490"
"250","251","680","1","19","42740"
"250","252","680","1","19","42990"
"250","253","680","1","19","43240"
"250","254","680","1","19","43490"
"250","255","680","1","19","43740"
"250","256","680","1","19","43990"
"250","257","680","1","19","44240"
"250","258","680","1","19","44490"
"250","259","680","1","19","44740"
"250","260","680","1","19","44990"
"250","261","680","1","20","45240"
"250","262","680","1","20","45490"
"250","263","680","1","20","45740"
"250","264","680","1","20","45990"
"250","265","680","1","20","46240"
"250","266","680","1","20","46490"
"250","267","680","1","20","46740"
"250","268","680","1","20","46990"
"250","269","680","1","20","47240"
"250","270","680","1","20","47490"
"250","271","680","1","21","47740"
"250","272","680","1","21","47990"
"250","273","680","1","21","48240"
"250","274","680","1","21","48490"
"250","275","680","1","21","48740"
"250","276","680","1","21","48990"
"250","277","680","1","21","49240"
"250","278","680","1","21","49490"
"250","279","680","1","21","49740"
"250","280","680","1","21","49990"
"250","281","680","1","22","50240"
"250","282","680","1","22","50490"
"250","283","680","1","22","50740"
"250","284","680","1","22","50990"
"250","285","680","1","22","51240"
"250","286","680","1","22","51490"
"250","287","680","1","22","51740"
"250","288","680","1","22","51990"
"250","289","680","1","22","52240"
"250","290","680","1","22","52490"
"250","291","680","1","23","52740"
"250","292","680","1","23","52990"
"250","293","680","1","23","53240"
"250","294","680","1","23","53490"
"250","295","680","1","23","53740"
"250","296","680","1","23","53990"
"250","297","680","1","23","54240"
"250","298","680","1","23","54490"
"250","299","680","1","23","54740"
"250","300","680","1","23","54990"
"250","301","680","1","24","55240"
"250","302","680","1","24","55490"
"250","303","680","1","24","55740"
"250","304","680","1","24","55990"
"250","305","680","1","24","56240"
"250","306","680","1","24","56490"
"250","307","680","1","24","56740"
"250","308","680","1","24","56990"
"250","309","680","1","24","57240"
"250","310","680","1","24","57490"
"250","311","680","1","25","57740"
"250","312","680","1","25","57990"
"250","313","680","1","25","58240"
"250","314","680","1","25","58490"
"250","315","680","1","25","58740"
"250","316","680","1","25","58990"
"250","317","680","1","25","59240"
"250","318","680","1","25","59490"
"250","319","680","1","25","59740"
"250","320","680","1","25","59990"
"250","321","680","1","26","60240"
"250","322","680","1","26","60490"
"250","323","680","1","26","60740"
"250","324","680","1","26","60990"
"250","325","680","1","26","61240"
"250","326","680","1","26","61490"
"250","327","680","1","26","61740"
"250","328","680","1","26","61990"
"250","329","680","1","26","62240"
"250","330","680","1","26","62490"
"250","331","680","1","27","62740"
"250","332","680","1","27","62990"
"250","333","680","1","27","63240"
"250","334","680","1","27","63490"
"250","335","680","1","27","63740"
"250","336","680","1","27","63990"
"250","337","680","1","27","64240"
"250","338","680","1","27","64490"
"250","339","680","1","27","64740"
"250","340","680","1","27","64990"
"50","0","200000","2","1","50"
"10","1","500000","2","1","60"
"15","2","500000","2","1","75"
"20","3","500000","2","1","95"
"25","4","500000","2","1","120"
"30","5","500000","2","1","150"