75593c4a84cbd0141533b6c445987ecbcfe4fcb778fa21f8e9266980e0fb28b3,14aa0df319903bc3eb9556bfd5a2b915c2f5bf9865b17e8b993b04fde994d797,087ad26b53eb08f15e0b76eb4bbd2086ab7fcc8c62b5e4c225d060c3c75691fe,6960967195d8498d8e2967d2dbe807817664b67326b70af96426fa9a51ad3fac,c2348d9a9e699a1b082ecb4016d59ffde820acf2d6bfa7869c181ae3cb10e906,231f1f327a0891ee4feef84697ca6c0ee5b948d297e7352100a857896d31590d,3acad9efd079be5fd181a0faff8b189b566d085407e85309ef1f6438043bbc4e,809533ef54a0d76e9ef773a6a6f19b6557f00f3f6a3c3641a4b9e849017e3396,bf2a91aeca4a89949f5d1d36bb63556d2e16271c22f2c381ea6d86361d2265bd,8e1b20e1ac698c6269db3632fadbfb82812ecc9528cca1025c312317c8ca9114,07c6b14b9f4b8ca89a4e090fa93dbbaf0299af30ef90abeffd4a4d5844b70d01,6f328132b9c50b7e53e3af72856f1e3575df5d383af7dd0cb72133eb56fce89e,5e78fe8c67b49f9ba97227c523ae27203d6f9c8f88d746b85e6119fdee7d4b18,88c10358c8a2eee50aea8b110cc54c6eeb322dc7022a548a21b5fd00576bd3f3,c70eb9b5e4f52049c7d940a0a6390cc71abea3403b8aa5a1a179277be39efb2c,906c0bd856d3b17de924857ea8932aaf98897c44c4fe748c40dec1e5efe18a5b,837f529ff5a8966ebf6cf713b6818896111b0b5e7b1c7a68ed7749def00d9993,e942be9d881e3b501d1b5b0e19b13350380a8dee92274c65d78888b8b947ea39,af3f325f3b551f9f87a60be17900cb21d35f23f40e086612c2a46f7fe178cb4b,0bcd8ed21575d10d6cd95f9810468538ee2fbaa61838ebe4906632b7beb10046,b630a392e83faeba9e1a269b4907765e594ee062760896c469f63601c6fe5b01,38aaa109a97145a737db59ebc3378f72887a6a76fad2fa6bbc483bf57953c812,202ec4807034795fe3af60b067a4659da8058efb2b68c04f25fab70319a1b2d9,ea7390cc6cc761a99a7adecc29b1baa9273af5e3fdbcd3d4d13bae538ef3290f
"0","8","7001","2030/04/24 14:59:59","0","0","探索開始！　ルナの塔","0","0","ルナの塔 第1章 オープニング","0","2017/04/01 15:00:00","0","91002","0","0","7001000","0","1","0","2","0","108","20"
"0","8","7001","2030/04/24 14:59:59","0","0","調査は続くよどこまでも","0","0","ルナの塔 第1章 第1話","71010020","2017/04/01 15:00:00","7001000","91002","0","0","7001001","0","1","0","2","0","108","20"
"0","8","7001","2030/04/24 14:59:59","0","0","甘え上手は恋愛を制す","0","0","ルナの塔 第1章 第2話","71010040","2017/04/01 15:00:00","7001001","91002","0","0","7001002","0","1","0","2","0","108","20"
"0","8","7001","2030/04/24 14:59:59","0","0","誤解された名探偵","0","0","ルナの塔 第1章 第3話","71010050","2017/04/01 15:00:00","7001002","91002","0","0","7001003","0","1","0","2","0","108","20"
"0","8","7001","2030/04/24 14:59:59","0","0","黙して語らぬ関係","0","0","ルナの塔 第1章 第4話","71010060","2017/04/01 15:00:00","7001003","91002","0","0","7001004","0","1","0","2","0","108","20"
"0","8","7001","2030/04/24 14:59:59","0","0","嬉し恥ずかしお弁当","0","0","ルナの塔 第1章 第5話","71010070","2017/04/01 15:00:00","7001004","91002","0","0","7001005","0","1","0","2","0","108","20"
"0","8","7002","2030/04/24 14:59:59","0","0","姉妹の決意","0","0","ルナの塔 第2章 オープニング","71010070","2017/04/01 15:00:00","7001005","91002","0","0","7002000","0","1","0","2","0","108","20"
"0","8","7002","2030/04/24 14:59:59","0","0","素直になれなくて","0","0","ルナの塔 第2章 第1話","71020075","2017/04/01 15:00:00","7002000","91002","0","0","7002001","0","1","0","2","0","108","20"
"0","8","7002","2030/04/24 14:59:59","0","0","秘めやかなやきもち","0","0","ルナの塔 第2章 第2話","71020080","2017/04/01 15:00:00","7002001","91002","0","0","7002002","0","1","0","2","0","108","20"
"0","8","7002","2030/04/24 14:59:59","0","0","世界一かわいくなりたい","0","0","ルナの塔 第2章 第3話","71020090","2017/04/01 15:00:00","7002002","91002","0","0","7002003","0","1","0","2","0","108","20"
"0","8","7002","2030/04/24 14:59:59","0","0","小休止はゲームとともに","0","0","ルナの塔 第2章 第4話","71020100","2017/04/01 15:00:00","7002003","91002","0","0","7002004","0","1","0","2","0","108","20"
"0","8","7002","2030/04/24 14:59:59","0","0","天真爛漫な姉妹愛","0","0","ルナの塔 第2章 第5話","71020110","2017/04/01 15:00:00","7002004","91002","0","0","7002005","0","1","0","2","0","108","20"
"0","8","7003","2030/04/24 14:59:59","0","0","トップモデルとアイドル","0","0","ルナの塔 第3章 オープニング","71020110","2017/04/01 15:00:00","7002005","91002","0","0","7003000","0","1","0","2","0","108","20"
"0","8","7003","2030/04/24 14:59:59","0","0","九九でよろしく！","0","0","ルナの塔 第3章 第1話","71030120","2017/04/01 15:00:00","7003000","91002","0","0","7003001","0","1","0","2","0","108","20"
"0","8","7003","2030/04/24 14:59:59","0","0","そんな優しいキミだから","0","0","ルナの塔 第3章 第2話","71030130","2017/04/01 15:00:00","7003001","91002","0","0","7003002","0","1","0","2","0","108","20"
"0","8","7003","2030/04/24 14:59:59","0","0","デート狂騒曲","0","0","ルナの塔 第3章 第3話","71030130","2018/12/14 12:00:00","7003002","91002","0","0","7003003","0","1","0","2","0","108","20"
"0","8","7003","2030/04/24 14:59:59","0","0","恋の空笑い","0","0","ルナの塔 第3章 第4話","71040140","2018/12/14 12:00:00","7003003","91002","0","0","7003004","0","1","0","2","0","108","20"
"0","8","7003","2030/04/24 14:59:59","0","0","決意と希望のステージ","0","0","ルナの塔 第3章 第5話","71040150","2018/12/14 12:00:00","7003004","91002","0","0","7003005","0","1","0","2","0","108","20"
"0","8","7004","2030/04/24 14:59:59","0","0","開幕、お兄ちゃん争奪戦！","0","0","ルナの塔 第4章 オープニング","71040150","2019/01/14 12:00:00","7003005","91002","0","0","7004000","0","1","0","2","0","108","20"
"0","8","7004","2030/04/24 14:59:59","0","0","おにごっこはデンジャラス","0","0","ルナの塔 第4章 第1話","71050160","2019/01/14 12:00:00","7004000","91002","0","0","7004001","0","1","0","2","0","108","20"
"0","8","7004","2030/04/24 14:59:59","0","0","だるまさんが転ばない","0","0","ルナの塔 第4章 第2話","71050170","2019/01/14 12:00:00","7004001","91002","0","0","7004002","0","1","0","2","0","108","20"
"0","8","7004","2030/04/24 14:59:59","0","0","仁義なきドッジボール","0","0","ルナの塔 第4章 第3話","71050170","2019/02/14 15:00:00","7004002","91002","0","0","7004003","0","1","0","2","0","108","20"
"0","8","7004","2030/04/24 14:59:59","0","0","かくれんぼで見つけたもの","0","0","ルナの塔 第4章 第4話","71060180","2019/02/14 15:00:00","7004003","91002","0","0","7004004","0","1","0","2","0","108","20"
"0","8","7004","2030/04/24 14:59:59","0","0","みんなのお兄ちゃん","0","0","ルナの塔 第4章 第5話","71060190","2019/02/14 15:00:00","7004004","91002","0","0","7004005","0","1","0","2","0","108","20"
"0","8","7005","2030/04/24 14:59:59","0","0","レイ様の護衛役","0","0","ルナの塔 第5章 オープニング","71060190","2019/03/14 12:00:00","7004005","91002","0","0","7005000","0","1","0","2","0","108","20"
"0","8","7005","2030/04/24 14:59:59","0","0","男はみんな狼人間？","0","0","ルナの塔 第5章 第1話","71070200","2019/03/14 12:00:00","7005000","91002","0","0","7005001","0","1","0","2","0","108","20"
"0","8","7005","2030/04/24 14:59:59","0","0","受け入れる人","0","0","ルナの塔 第5章 第2話","71070210","2019/03/14 12:00:00","7005001","91002","0","0","7005002","0","1","0","2","0","108","20"
"0","8","7005","2030/04/24 14:59:59","0","0","近づく距離感","0","0","ルナの塔 第5章 第3話","71070210","2019/04/13 12:00:00","7005002","91002","0","0","7005003","0","1","0","2","0","108","20"
"0","8","7005","2030/04/24 14:59:59","0","0","支えたはずが……","0","0","ルナの塔 第5章 第4話","71080220","2019/04/13 12:00:00","7005003","91002","0","0","7005004","0","1","0","2","0","108","20"
"0","8","7005","2030/04/24 14:59:59","0","0","波乱の文化祭","0","0","ルナの塔 第5章 第5話","71080230","2019/04/13 12:00:00","7005004","91002","0","0","7005005","0","1","0","2","0","108","20"
"0","8","7006","2030/04/24 14:59:59","0","0","ぶつかる乙女の想い","0","0","ルナの塔 第6章 オープニング","71080230","2019/05/13 12:00:00","7005005","91002","0","0","7006000","0","1","0","2","0","108","20"
"0","8","7006","2030/04/24 14:59:59","0","0","譲らぬ主張と友情と","0","0","ルナの塔 第6章 第1話","71090240","2019/05/13 12:00:00","7006000","91002","0","0","7006001","0","1","0","2","0","108","20"
"0","8","7006","2030/04/24 14:59:59","0","0","ウィスタリア・ビリーフ","0","0","ルナの塔 第6章 第2話","71090250","2019/05/13 12:00:00","7006001","91002","0","0","7006002","0","1","0","2","0","108","20"
"0","8","7006","2030/04/24 14:59:59","0","0","誇りと信念の双撃","0","0","ルナの塔 第6章 第3話","71090250","2019/06/14 12:00:00","7006002","91002","0","0","7006003","0","1","0","2","0","108","20"
"0","8","7006","2030/04/24 14:59:59","0","0","目指すべき理想","0","0","ルナの塔 第6章 第4話","71100260","2019/06/14 12:00:00","7006003","91002","0","0","7006004","0","1","0","2","0","108","20"
"0","8","7006","2030/04/24 14:59:59","0","0","今ここにある絆","0","0","ルナの塔 第6章 第5話","71100270","2019/06/14 12:00:00","7006004","91002","0","0","7006005","0","1","0","2","0","108","20"
"0","8","7007","2030/04/24 14:59:59","0","0","疾風の冥姫と伝説の吸血鬼","0","0","ルナの塔 第7章 オープニング","71100270","2019/07/15 12:00:00","7006005","91002","0","0","7007000","0","1","0","2","0","108","20"
"0","8","7007","2030/04/24 14:59:59","0","0","真実の吸血鬼","0","0","ルナの塔 第7章 第1話","71110280","2019/07/15 12:00:00","7007000","91002","0","0","7007001","0","1","0","2","0","108","20"
"0","8","7007","2030/04/24 14:59:59","0","0","眷属たちの饗宴","0","0","ルナの塔 第7章 第2話","71110290","2019/07/15 12:00:00","7007001","91002","0","0","7007002","0","1","0","2","0","108","20"
"0","8","7007","2030/04/24 14:59:59","0","0","冥風を知る者","0","0","ルナの塔 第7章 第3話","71110290","2019/08/14 10:00:00","7007002","91002","0","0","7007003","0","1","0","2","0","108","20"
"0","8","7007","2030/04/24 14:59:59","0","0","魔瞳解放！","0","0","ルナの塔 第7章 第4話","71120300","2019/08/14 10:00:00","7007003","91002","0","0","7007004","0","1","0","2","0","108","20"
"0","8","7007","2030/04/24 14:59:59","0","0","魔書を巡る戦い","0","0","ルナの塔 第7章 第5話","71120310","2019/08/14 10:00:00","7007004","91002","0","0","7007005","0","1","0","2","0","108","20"
"0","8","7008","2030/04/24 14:59:59","0","0","妹たちの秘密計画","0","0","ルナの塔 第8章 オープニング","71120310","2019/09/14 12:00:00","7007005","91002","0","0","7008000","0","1","0","2","0","108","20"
"0","8","7008","2030/04/24 14:59:59","0","0","うきうきお姉ちゃん談義","0","0","ルナの塔 第8章 第1話","71130320","2019/09/14 12:00:00","7008000","91002","0","0","7008001","0","1","0","2","0","108","20"
"0","8","7008","2030/04/24 14:59:59","0","0","言い間違いじゃありません","0","0","ルナの塔 第8章 第2話","71130330","2019/09/14 12:00:00","7008001","91002","0","0","7008002","0","1","0","2","0","108","20"
"0","8","7008","2030/04/24 14:59:59","0","0","ご褒美ハイテンション","0","0","ルナの塔 第8章 第3話","71130330","2019/10/14 12:00:00","7008002","91002","0","0","7008003","0","1","0","2","0","108","20"
"0","8","7008","2030/04/24 14:59:59","0","0","ノンストップ肩車","0","0","ルナの塔 第8章 第4話","71140340","2019/10/14 12:00:00","7008003","91002","0","0","7008004","0","1","0","2","0","108","20"
"0","8","7008","2030/04/24 14:59:59","0","0","夢のスイーツパラダイス","0","0","ルナの塔 第8章 第5話","71140350","2019/10/14 12:00:00","7008004","91002","0","0","7008005","0","1","0","2","0","108","20"
"0","8","7009","2030/04/24 14:59:59","0","0","白馬？とお姫様","0","0","ルナの塔 第9章 オープニング","71140350","2019/11/14 12:00:00","7008005","91002","0","0","7009000","0","1","0","2","0","108","20"
"0","8","7009","2030/04/24 14:59:59","0","0","王国に咲く一輪のリマ","0","0","ルナの塔 第9章 第1話","71150355","2019/11/14 12:00:00","7009000","91002","0","0","7009001","0","1","0","2","0","108","20"
"0","8","7009","2030/04/24 14:59:59","0","0","マホマホ王国とユニコーン","0","0","ルナの塔 第9章 第2話","71150360","2019/11/14 12:00:00","7009001","91002","0","0","7009002","0","1","0","2","0","108","20"
"0","8","7009","2030/04/24 14:59:59","0","0","やさしいハグをして","0","0","ルナの塔 第9章 第3話","71150360","2019/12/14 12:00:00","7009002","91002","0","0","7009003","0","1","0","2","0","108","20"
"0","8","7009","2030/04/24 14:59:59","0","0","マホ姫とリマ姫","0","0","ルナの塔 第9章 第4話","71160365","2019/12/14 12:00:00","7009003","91002","0","0","7009004","0","1","0","2","0","108","20"
"0","8","7009","2030/04/24 14:59:59","0","0","プリンセスパレード","0","0","ルナの塔 第9章 第5話","71160370","2019/12/14 12:00:00","7009004","91002","0","0","7009005","0","1","0","2","0","108","20"
"0","8","7010","2030/04/24 14:59:59","0","0","課外授業の始まり","0","0","ルナの塔 第10章 オープニング","71160370","2020/01/14 12:00:00","7009005","91002","0","0","7010000","0","1","0","2","0","108","20"
"0","8","7010","2030/04/24 14:59:59","0","0","溢れる魅力は無限大","0","0","ルナの塔 第10章 第1話","71170375","2020/01/14 12:00:00","7010000","91002","0","0","7010001","0","1","0","2","0","108","20"
"0","8","7010","2030/04/24 14:59:59","0","0","思いがけないアドバイス","0","0","ルナの塔 第10章 第2話","71170380","2020/01/14 12:00:00","7010001","91002","0","0","7010002","0","1","0","2","0","108","20"
"0","8","7010","2030/04/24 14:59:59","0","0","先生の道も一歩ずつ","0","0","ルナの塔 第10章 第3話","71170380","2020/02/14 12:00:00","7010002","91002","0","0","7010003","0","1","0","2","0","108","20"
"0","8","7010","2030/04/24 14:59:59","0","0","いつか巣立ちの日まで","0","0","ルナの塔 第10章 第4話","71180385","2020/02/14 12:00:00","7010003","91002","0","0","7010004","0","1","0","2","0","108","20"
"0","8","7010","2030/04/24 14:59:59","0","0","教師と保育士の特別実習","0","0","ルナの塔 第10章 第5話","71180390","2020/02/14 12:00:00","7010004","91002","0","0","7010005","0","1","0","2","0","108","20"
"0","8","7011","2030/04/24 14:59:59","0","0","かしましき幕開け","0","0","ルナの塔 第11章 オープニング","71180390","2020/03/12 12:00:00","7010005","91002","0","0","7011000","0","1","0","2","0","108","20"
"0","8","7011","2030/04/24 14:59:59","0","0","忍法と剣の冴え","0","0","ルナの塔 第11章 第1話","71190395","2020/03/12 12:00:00","7011000","91002","0","0","7011001","0","1","0","2","0","108","20"
"0","8","7011","2030/04/24 14:59:59","0","0","ギルド四方山話","0","0","ルナの塔 第11章 第2話","71190400","2020/03/12 12:00:00","7011001","91002","0","0","7011002","0","1","0","2","0","108","20"
"0","8","7011","2030/04/24 14:59:59","0","0","トーゴクマニアかく語りき","0","0","ルナの塔 第11章 第3話","71190400","2020/04/14 12:00:00","7011002","91002","0","0","7011003","0","1","0","2","0","108","20"
"0","8","7011","2030/04/24 14:59:59","0","0","剣が結ぶ縁","0","0","ルナの塔 第11章 第4話","71200405","2020/04/14 12:00:00","7011003","91002","0","0","7011004","0","1","0","2","0","108","20"
"0","8","7011","2030/04/24 14:59:59","0","0","みずみずしき忍魚の交わり","0","0","ルナの塔 第11章 第5話","71200410","2020/04/14 12:00:00","7011004","91002","0","0","7011005","0","1","0","2","0","108","20"
"0","8","7012","2030/04/24 14:59:59","0","0","壊し屋を見つめる瞳","0","0","ルナの塔 第12章 オープニング","71200410","2020/05/14 12:00:00","7011005","91002","0","0","7012000","0","1","0","2","0","108","20"
"0","8","7012","2030/04/24 14:59:59","0","0","フォローガールアユミ","0","0","ルナの塔 第12章 第1話","71210415","2020/05/14 12:00:00","7012000","91002","0","0","7012001","0","1","0","2","0","108","20"
"0","8","7012","2030/04/24 14:59:59","0","0","見つめる少女が伸ばした手","0","0","ルナの塔 第12章 第2話","71210420","2020/05/14 12:00:00","7012001","91002","0","0","7012002","0","1","0","2","0","108","20"
"0","8","7012","2030/04/24 14:59:59","0","0","怪しい少女、優しい女性","0","0","ルナの塔 第12章 第3話","71210420","2020/06/14 12:00:00","7012002","91002","0","0","7012003","0","1","0","2","0","108","20"
"0","8","7012","2030/04/24 14:59:59","0","0","勘違いスパイラル","0","0","ルナの塔 第12章 第4話","71220425","2020/06/14 12:00:00","7012003","91002","0","0","7012004","0","1","0","2","0","108","20"
"0","8","7012","2030/04/24 14:59:59","0","0","交わる二人の距離","0","0","ルナの塔 第12章 第5話","71220430","2020/06/14 12:00:00","7012004","91002","0","0","7012005","0","1","0","2","0","108","20"
"0","8","7013","2030/04/24 14:59:59","0","0","水と油のゆくえ","0","0","ルナの塔 第13章 オープニング","71220430","2020/07/14 12:00:00","7012005","91002","0","0","7013000","0","1","0","2","0","108","20"
"0","8","7013","2030/04/24 14:59:59","0","0","リンを探せ","0","0","ルナの塔 第13章 第1話","71230435","2020/07/14 12:00:00","7013000","91002","0","0","7013001","0","1","0","2","0","108","20"
"0","8","7013","2030/04/24 14:59:59","0","0","塔探索は終わらない","0","0","ルナの塔 第13章 第2話","71230440","2020/07/14 12:00:00","7013001","91002","0","0","7013002","0","1","0","2","0","108","20"
"0","8","7013","2030/04/24 14:59:59","0","0","休息休息また休息","0","0","ルナの塔 第13章 第3話","71230440","2020/08/14 12:00:00","7013002","91002","0","0","7013003","0","1","0","2","0","108","20"
"0","8","7013","2030/04/24 14:59:59","0","0","休息の神髄は労働にあり","0","0","ルナの塔 第13章 第4話","71240445","2020/08/14 12:00:00","7013003","91002","0","0","7013004","0","1","0","2","0","108","20"
"0","8","7013","2030/04/24 14:59:59","0","0","いつか働く、今じゃない","0","0","ルナの塔 第13章 第5話","71240450","2020/08/14 12:00:00","7013004","91002","0","0","7013005","0","1","0","2","0","108","20"
"0","8","7014","2030/04/24 14:59:59","0","0","理想との出会い","0","0","ルナの塔 第14章 オープニング","71240450","2020/09/15 12:00:00","7013005","91002","0","0","7014000","0","1","0","2","0","108","20"
"0","8","7014","2030/04/24 14:59:59","0","0","レディは知りたがり","0","0","ルナの塔 第14章 第1話","71250455","2020/09/15 12:00:00","7014000","91002","0","0","7014001","0","1","0","2","0","108","20"
"0","8","7014","2030/04/24 14:59:59","0","0","できる大人の携帯食","0","0","ルナの塔 第14章 第2話","71250460","2020/09/15 12:00:00","7014001","91002","0","0","7014002","0","1","0","2","0","108","20"
"0","8","7014","2030/04/24 14:59:59","0","0","レディが知る真実","0","0","ルナの塔 第14章 第3話","71250460","2020/10/14 12:00:00","7014002","91002","0","0","7014003","0","1","0","2","0","108","20"
"0","8","7014","2030/04/24 14:59:59","0","0","理想の大人でなくても","0","0","ルナの塔 第14章 第4話","71260465","2020/10/14 12:00:00","7014003","91002","0","0","7014004","0","1","0","2","0","108","20"
"0","8","7014","2030/04/24 14:59:59","0","0","乾杯で通じる心","0","0","ルナの塔 第14章 第5話","71260470","2020/10/14 12:00:00","7014004","91002","0","0","7014005","0","1","0","2","0","108","20"
"0","8","7015","2030/04/24 14:59:59","0","0","異端の先輩と無敵の保護者","0","0","ルナの塔 第15章 オープニング","71260470","2020/11/18 12:00:00","7014005","91002","0","0","7015000","0","1","0","2","0","108","20"
"0","8","7015","2030/04/24 14:59:59","0","0","本証：私は彼の姉である","0","0","ルナの塔 第15章 第1話","71270475","2020/11/18 12:00:00","7015000","91002","0","0","7015001","0","1","0","2","0","108","20"
"0","8","7015","2030/04/24 14:59:59","0","0","反証：君と彼は他人である","0","0","ルナの塔 第15章 第2話","71270480","2020/11/18 12:00:00","7015001","91002","0","0","7015002","0","1","0","2","0","108","20"
"0","8","7015","2030/04/24 14:59:59","0","0","講義は踊る、されど進まず","0","0","ルナの塔 第15章 第3話","71270480","2020/12/18 12:00:00","7015002","91002","0","0","7015003","0","1","0","2","0","108","20"
"0","8","7015","2030/04/24 14:59:59","0","0","交わる平行線","0","0","ルナの塔 第15章 第4話","71280485","2020/12/18 12:00:00","7015003","91002","0","0","7015004","0","1","0","2","0","108","20"
"0","8","7015","2030/04/24 14:59:59","0","0","糾える平行線","0","0","ルナの塔 第15章 第5話","71280490","2020/12/18 12:00:00","7015004","91002","0","0","7015005","0","1","0","2","0","108","20"
"0","8","7016","2030/04/24 14:59:59","0","0","唱喚術士と忍び寄る影","0","0","ルナの塔 第16章 オープニング","71280490","2021/01/18 12:00:00","7015005","91002","0","0","7016000","0","1","0","2","0","108","20"
"0","8","7016","2030/04/24 14:59:59","0","0","プリン泥棒の正体","0","0","ルナの塔 第16章 第1話","71290495","2021/01/18 12:00:00","7016000","91002","0","0","7016001","0","1","0","2","0","108","20"
"0","8","7016","2030/04/24 14:59:59","0","0","カルミナ新メンバー！？","0","0","ルナの塔 第16章 第2話","71290500","2021/01/18 12:00:00","7016001","91002","0","0","7016002","0","1","0","2","0","108","20"
"0","8","7016","2030/04/24 14:59:59","0","0","家出の真相","0","0","ルナの塔 第16章 第3話","71290500","2021/02/18 12:00:00","7016002","91002","0","0","7016003","0","1","0","2","0","108","20"
"0","8","7016","2030/04/24 14:59:59","0","0","美味しいプリンのために","0","0","ルナの塔 第16章 第4話","71300505","2021/02/18 12:00:00","7016003","91002","0","0","7016004","0","1","0","2","0","108","20"
"0","8","7016","2030/04/24 14:59:59","0","0","絆をつむぐ旋律","0","0","ルナの塔 第16章 第5話","71300510","2021/02/18 12:00:00","7016004","91002","0","0","7016005","0","1","0","2","0","108","20"
"0","8","7017","2030/04/24 14:59:59","0","0","一触即発の邂逅","0","0","ルナの塔 第17章 オープニング","71300510","2021/03/18 12:00:00","7016005","91002","0","0","7017000","0","1","0","2","0","108","20"
"0","8","7017","2030/04/24 14:59:59","0","0","それぞれの独壇場","0","0","ルナの塔 第17章 第1話","71310515","2021/03/18 12:00:00","7017000","91002","0","0","7017001","0","1","0","2","0","108","20"
"0","8","7017","2030/04/24 14:59:59","0","0","才色兼備の証明","0","0","ルナの塔 第17章 第2話","71310520","2021/03/18 12:00:00","7017001","91002","0","0","7017002","0","1","0","2","0","108","20"
"0","8","7017","2030/04/24 14:59:59","0","0","輝く舞台へのいざない","0","0","ルナの塔 第17章 第3話","71310520","2021/04/16 12:00:00","7017002","91002","0","0","7017003","0","1","0","2","0","108","20"
"0","8","7017","2030/04/24 14:59:59","0","0","恐れなき一歩の先へ","0","0","ルナの塔 第17章 第4話","71320525","2021/04/16 12:00:00","7017003","91002","0","0","7017004","0","1","0","2","0","108","20"
"0","8","7017","2030/04/24 14:59:59","0","0","果てなき宴を共に","0","0","ルナの塔 第17章 第5話","71320530","2021/04/16 12:00:00","7017004","91002","0","0","7017005","0","1","0","2","0","108","20"
"0","8","7018","2030/04/24 14:59:59","0","0","不吉の予兆","0","0","ルナの塔 第18章 オープニング","71320530","2021/05/17 12:00:00","7017005","91002","0","0","7018000","0","1","0","2","0","108","20"
"0","8","7018","2030/04/24 14:59:59","0","0","憑いてるからツイてない？","0","0","ルナの塔 第18章 第1話","71330535","2021/05/17 12:00:00","7018000","91002","0","0","7018001","0","1","0","2","0","108","20"
"0","8","7018","2030/04/24 14:59:59","0","0","狙われる者、守る者","0","0","ルナの塔 第18章 第2話","71330540","2021/05/17 12:00:00","7018001","91002","0","0","7018002","0","1","0","2","0","108","20"
"0","8","7018","2030/04/24 14:59:59","0","0","火の元にはご用心","0","0","ルナの塔 第18章 第3話","71330540","2021/06/17 12:00:00","7018002","91002","0","0","7018003","0","1","0","2","0","108","20"
"0","8","7018","2030/04/24 14:59:59","0","0","守りたい笑顔","0","0","ルナの塔 第18章 第4話","71340545","2021/06/17 12:00:00","7018003","91002","0","0","7018004","0","1","0","2","0","108","20"
"0","8","7018","2030/04/24 14:59:59","0","0","悪霊退散！　ドジ卒業？","0","0","ルナの塔 第18章 第5話","71340550","2021/06/17 12:00:00","7018004","91002","0","0","7018005","0","1","0","2","0","108","20"
"0","8","7019","2030/04/24 14:59:59","0","0","食い違う軍人たち","0","0","ルナの塔 第19章 オープニング","71340550","2021/07/16 12:00:00","7018005","91002","0","0","7019000","0","1","0","2","0","108","20"
"0","8","7019","2030/04/24 14:59:59","0","0","団長の勘違い","0","0","ルナの塔 第19章 第1話","71350555","2021/07/16 12:00:00","7019000","91002","0","0","7019001","0","1","0","2","0","108","20"
"0","8","7019","2030/04/24 14:59:59","0","0","憧れを追いかけて","0","0","ルナの塔 第19章 第2話","71350560","2021/07/16 12:00:00","7019001","91002","0","0","7019002","0","1","0","2","0","108","20"
"0","8","7019","2030/04/24 14:59:59","0","0","思い分かち合う同志として","0","0","ルナの塔 第19章 第3話","71350560","2021/08/16 12:00:00","7019002","91002","0","0","7019003","0","1","0","2","0","108","20"
"0","8","7019","2030/04/24 14:59:59","0","0","上る階段と並んだ背中","0","0","ルナの塔 第19章 第4話","71360565","2021/08/16 12:00:00","7019003","91002","0","0","7019004","0","1","0","2","0","108","20"
"0","8","7019","2030/04/24 14:59:59","0","0","ヒーローとヒーロー","0","0","ルナの塔 第19章 第5話","71360570","2021/08/16 12:00:00","7019004","91002","0","0","7019005","0","1","0","2","0","108","20"
"0","8","7020","2030/04/24 14:59:59","0","0","それゆけお笑いたい焼き隊","0","0","ルナの塔 第20章 オープニング","71360570","2021/09/16 12:00:00","7019005","91002","0","0","7020000","0","1","0","2","0","108","20"
"0","8","7020","2030/04/24 14:59:59","0","0","最高の食材、至高の逸材","0","0","ルナの塔 第20章 第1話","71370575","2021/09/16 12:00:00","7020000","91002","0","0","7020001","0","1","0","2","0","108","20"
"0","8","7020","2030/04/24 14:59:59","0","0","運命の相方？","0","0","ルナの塔 第20章 第2話","71370580","2021/09/16 12:00:00","7020001","91002","0","0","7020002","0","1","0","2","0","108","20"
"0","8","7020","2030/04/24 14:59:59","0","0","可能性は無限大","0","0","ルナの塔 第20章 第3話","71370580","2021/10/17 12:00:00","7020002","91002","0","0","7020003","0","1","0","2","0","108","20"
"0","8","7020","2030/04/24 14:59:59","0","0","情熱は一心同体","0","0","ルナの塔 第20章 第4話","71380585","2021/10/17 12:00:00","7020003","91002","0","0","7020004","0","1","0","2","0","108","20"
"0","8","7020","2030/04/24 14:59:59","0","0","みんなを笑顔にするために","0","0","ルナの塔 第20章 第5話","71380590","2021/10/17 12:00:00","7020004","91002","0","0","7020005","0","1","0","2","0","108","20"
"0","8","7021","2030/04/24 14:59:59","0","0","彼女は要注意人物","0","0","ルナの塔 第21章 オープニング","71380590","2021/11/17 12:00:00","7020005","91002","0","0","7021000","0","1","0","2","0","108","20"
"0","8","7021","2030/04/24 14:59:59","0","0","悪事は見逃せないけれど","0","0","ルナの塔 第21章 第1話","71390595","2021/11/17 12:00:00","7021000","91002","0","0","7021001","0","1","0","2","0","108","20"
"0","8","7021","2030/04/24 14:59:59","0","0","底の知れない相手","0","0","ルナの塔 第21章 第2話","71390600","2021/11/17 12:00:00","7021001","91002","0","0","7021002","0","1","0","2","0","108","20"
"0","8","7021","2030/04/24 14:59:59","0","0","毒も薬も使いよう","0","0","ルナの塔 第21章 第3話","71390600","2021/12/16 12:00:00","7021002","91002","0","0","7021003","0","1","0","2","0","108","20"
"0","8","7021","2030/04/24 14:59:59","0","0","信じているからこそ","0","0","ルナの塔 第21章 第4話","71400605","2021/12/16 12:00:00","7021003","91002","0","0","7021004","0","1","0","2","0","108","20"
"0","8","7021","2030/04/24 14:59:59","0","0","からかって、つながって","0","0","ルナの塔 第21章 第5話","71400610","2021/12/16 12:00:00","7021004","91002","0","0","7021005","0","1","0","2","0","108","20"
"0","8","7022","2030/04/24 14:59:59","0","0","眠り姫と魔法少女","0","0","ルナの塔 第22章 オープニング","71400610","2022/01/17 12:00:00","7021005","91002","0","0","7022000","0","1","0","2","0","108","20"
"0","8","7022","2030/04/24 14:59:59","0","0","魔法少女よ健全たれ","0","0","ルナの塔 第22章 第1話","71410615","2022/01/17 12:00:00","7022000","91002","0","0","7022001","0","1","0","2","0","108","20"
"0","8","7022","2030/04/24 14:59:59","0","0","完全なる理解は誤解","0","0","ルナの塔 第22章 第2話","71410620","2022/01/17 12:00:00","7022001","91002","0","0","7022002","0","1","0","2","0","108","20"
"0","8","7022","2030/04/24 14:59:59","0","0","入れ替わり事変","0","0","ルナの塔 第22章 第3話","71410620","2022/02/17 12:00:00","7022002","91002","0","0","7022003","0","1","0","2","0","108","20"
"0","8","7022","2030/04/24 14:59:59","0","0","試行錯誤な新魔法","0","0","ルナの塔 第22章 第4話","71420625","2022/02/17 12:00:00","7022003","91002","0","0","7022004","0","1","0","2","0","108","20"
"0","8","7022","2030/04/24 14:59:59","0","0","幸せな魔法は秘密とともに","0","0","ルナの塔 第22章 第5話","71420630","2022/02/17 12:00:00","7022004","91002","0","0","7022005","0","1","0","2","0","108","20"
"0","8","7023","2030/04/24 14:59:59","0","0","虎たちの邂逅","0","0","ルナの塔 第23章 オープニング","71420630","2022/03/17 12:00:00","7022005","91002","0","0","7023000","0","1","0","2","0","108","20"
"0","8","7023","2030/04/24 14:59:59","0","0","爆誕、ダブルヒーロー？","0","0","ルナの塔 第23章 第1話","71430635","2022/03/17 12:00:00","7023000","91002","0","0","7023001","0","1","0","2","0","108","20"
"0","8","7023","2030/04/24 14:59:59","0","0","隠しきれない才能","0","0","ルナの塔 第23章 第2話","71430640","2022/03/17 12:00:00","7023001","91002","0","0","7023002","0","1","0","2","0","108","20"
"0","8","7023","2030/04/24 14:59:59","0","0","秘密のトラ仲間？","0","0","ルナの塔 第23章 第3話","71430640","2022/04/17 12:00:00","7023002","91002","0","0","7023003","0","1","0","2","0","108","20"
"0","8","7023","2030/04/24 14:59:59","0","0","湧き上がる勇気","0","0","ルナの塔 第23章 第4話","71440645","2022/04/17 12:00:00","7023003","91002","0","0","7023004","0","1","0","2","0","108","20"
"0","8","7023","2030/04/24 14:59:59","0","0","トリプルヒーロー参上！","0","0","ルナの塔 第23章 第5話","71440650","2022/04/17 12:00:00","7023004","91002","0","0","7023005","0","1","0","2","0","108","20"
"0","8","7024","2030/04/24 14:59:59","0","0","４人いる！？","0","0","ルナの塔 第24章 オープニング","71440650","2022/06/17 12:00:00","7023005","91002","0","0","7024000","0","1","0","2","0","108","20"
"0","8","7024","2030/04/24 14:59:59","0","0","謎の秘書２号","0","0","ルナの塔 第24章 第1話","71450655","2022/06/17 12:00:00","7024000","91002","0","0","7024001","0","1","0","2","0","108","20"
"0","8","7024","2030/04/24 14:59:59","0","0","ヘッドハンティング","0","0","ルナの塔 第24章 第2話","71450660","2022/06/17 12:00:00","7024001","91002","0","0","7024002","0","1","0","2","0","108","20"
"0","8","7024","2030/04/24 14:59:59","0","0","「魔法使い」の正体は","0","0","ルナの塔 第24章 第3話","71450660","2022/08/16 12:00:00","7024002","91002","0","0","7024003","0","1","0","2","0","108","20"
"0","8","7024","2030/04/24 14:59:59","0","0","アンダードッグの忠義","0","0","ルナの塔 第24章 第4話","71460665","2022/08/16 12:00:00","7024003","91002","0","0","7024004","0","1","0","2","0","108","20"
"0","8","7024","2030/04/24 14:59:59","0","0","二人のエコノミカ","0","0","ルナの塔 第24章 第5話","71460670","2022/08/16 12:00:00","7024004","91002","0","0","7024005","0","1","0","2","0","108","20"
"0","8","7025","2030/04/24 14:59:59","0","0","竜と獣、集う","0","0","ルナの塔 第25章 オープニング","71460670","2022/10/18 12:00:00","7024005","91002","0","0","7025000","0","1","0","2","0","108","20"
"0","8","7025","2030/04/24 14:59:59","0","0","能ある獣は拳を隠す","0","0","ルナの塔 第25章 第1話","71470675","2022/10/18 12:00:00","7025000","91002","0","0","7025001","0","1","0","2","0","108","20"
"0","8","7025","2030/04/24 14:59:59","0","0","甘美なる小休止","0","0","ルナの塔 第25章 第2話","71470680","2022/10/18 12:00:00","7025001","91002","0","0","7025002","0","1","0","2","0","108","20"
"0","8","7025","2030/04/24 14:59:59","0","0","竜獣相打つ","0","0","ルナの塔 第25章 第3話","71470680","2022/12/19 12:00:00","7025002","91002","0","0","7025003","0","1","0","2","0","108","20"
"0","8","7025","2030/04/24 14:59:59","0","0","それは熱き守護の双拳","0","0","ルナの塔 第25章 第4話","71480685","2022/12/19 12:00:00","7025003","91002","0","0","7025004","0","1","0","2","0","108","20"
"0","8","7025","2030/04/24 14:59:59","0","0","空手ガールたちの胸の内","0","0","ルナの塔 第25章 第5話","71480690","2022/12/19 12:00:00","7025004","91002","0","0","7025005","0","1","0","2","0","108","20"
"0","8","7026","2030/04/24 14:59:59","0","0","合わない視線","0","0","ルナの塔 第26章 オープニング","71480690","2023/03/17 12:00:00","7025005","91002","0","0","7026000","0","1","0","2","0","108","20"
"0","8","7026","2030/04/24 14:59:59","0","0","甘い理想と無慈悲な現実","0","0","ルナの塔 第26章 第1話","71490695","2023/03/17 12:00:00","7026000","91002","0","0","7026001","0","1","0","2","0","108","20"
"0","8","7026","2030/04/24 14:59:59","0","0","すれ違う両想い","0","0","ルナの塔 第26章 第2話","71490700","2023/03/17 12:00:00","7026001","91002","0","0","7026002","0","1","0","2","0","108","20"
"0","8","7026","2030/04/24 14:59:59","0","0","進んで下がって、また前へ","0","0","ルナの塔 第26章 第3話","71490700","2023/06/19 12:00:00","7026002","91002","0","0","7026003","0","1","0","2","0","108","20"
"0","8","7026","2030/04/24 14:59:59","0","0","人形がつないだきっかけ","0","0","ルナの塔 第26章 第4話","71500705","2023/06/19 12:00:00","7026003","91002","0","0","7026004","0","1","0","2","0","108","20"
"0","8","7026","2030/04/24 14:59:59","0","0","想いの結実","0","0","ルナの塔 第26章 第5話","71500710","2023/06/19 12:00:00","7026004","91002","0","0","7026005","0","1","0","2","0","108","20"
"0","8","7027","2030/04/24 14:59:59","0","0","自称ビッグボスと大悪党","0","0","ルナの塔 第27章 オープニング","71500710","2023/09/19 12:00:00","7026005","91002","0","0","7027000","0","1","0","2","0","108","20"
"0","8","7027","2030/04/24 14:59:59","0","0","かつての約束","0","0","ルナの塔 第27章 第1話","71510715","2023/09/19 12:00:00","7027000","91002","0","0","7027001","0","1","0","2","0","108","20"
"0","8","7027","2030/04/24 14:59:59","0","0","悪いヤツ、いいヤツ","0","0","ルナの塔 第27章 第2話","71510720","2023/09/19 12:00:00","7027001","91002","0","0","7027002","0","1","0","2","0","108","20"
"0","8","7027","2030/04/24 14:59:59","0","0","どれだけ相手が強くとも","0","0","ルナの塔 第27章 第3話","71510720","2023/12/19 12:00:00","7027002","91002","0","0","7027003","0","1","0","2","0","108","20"
"0","8","7027","2030/04/24 14:59:59","0","0","お宝よりも大事なもの","0","0","ルナの塔 第27章 第4話","71520725","2023/12/19 12:00:00","7027003","91002","0","0","7027004","0","1","0","2","0","108","20"
"0","8","7027","2030/04/24 14:59:59","0","0","ビッグボスが生まれた日","0","0","ルナの塔 第27章 第5話","71520730","2023/12/19 12:00:00","7027004","91002","0","0","7027005","0","1","0","2","0","108","20"
"0","8","7028","2030/04/24 14:59:59","0","0","ルナの塔を解析せよ","0","0","ルナの塔 第28章 オープニング","71520730","2024/04/17 12:00:00","7027005","91002","0","0","7028000","0","1","0","2","0","108","20"
"0","8","7028","2030/04/24 14:59:59","0","0","おまもりヴァンパイア","0","0","ルナの塔 第28章 第1話","71530735","2024/04/17 12:00:00","7028000","91002","0","0","7028001","0","1","0","2","0","108","20"
"0","8","7028","2030/04/24 14:59:59","0","0","巨塔に潜む謎","0","0","ルナの塔 第28章 第2話","71530740","2024/04/17 12:00:00","7028001","91002","0","0","7028002","0","1","0","2","0","108","20"
"0","8","7028","2030/04/24 14:59:59","0","0","神秘を究明する瞳","0","0","ルナの塔 第28章 第3話","71530740","2024/08/17 12:00:00","7028002","91002","0","0","7028003","0","1","0","2","0","108","20"
"0","8","7028","2030/04/24 14:59:59","0","0","吸血姫のお好みは？","0","0","ルナの塔 第28章 第4話","71540745","2024/08/17 12:00:00","7028003","91002","0","0","7028004","0","1","0","2","0","108","20"
"0","8","7028","2030/04/24 14:59:59","0","0","真夜中、花火、逃避行","0","0","ルナの塔 第28章 第5話","71540750","2024/08/17 12:00:00","7028004","91002","0","0","7028005","0","1","0","2","0","108","20"
"0","8","7029","2030/04/24 14:59:59","0","0","今しか行けない楽しい所","0","0","ルナの塔 第29章 オープニング","71540750","2025/04/17 12:00:00","7028005","91002","0","0","7029000","0","1","0","2","0","108","20"
"0","8","7029","2030/04/24 14:59:59","0","0","ルナの塔ってどういう存在","0","0","ルナの塔 第29章 第1話","71550755","2025/04/17 12:00:00","7029000","91002","0","0","7029001","0","1","0","2","0","108","20"
"0","8","7029","2030/04/24 14:59:59","0","0","私からのお願いだよ？","0","0","ルナの塔 第29章 第2話","71550760","2025/04/17 12:00:00","7029001","91002","0","0","7029002","0","1","0","2","0","108","20"