63da391bc7b3bac01e25fba75801960d095b03c83bf002ebc696e410435a49b2,79dea86a1e1e03815e64a2d9917999ae2c5fc2541988d9ff1168ad5e2a65e8e3,5973f0e394cd5ec9a4a5a42201095cb0be7ced3c67fc9b9dbef2799315459580,d7694e59041a9d4c8286d53fdd2be5af991e2a6b8f409f97d0062d180ad043aa,e71675e58ffc8ecb26f2ef8ca1a0cf5e5eb0a9c1875aa71e6e4e0c1be37c567a,b4dbecc4423feb3b11656435f6a5c10568e394218d7bce2fe66f65e7a02fbb1d,3aee6f609343aaf1f346eadbd0146c75f4d41806f1ff3de9e7ce4287e01710c0,f8095ab223c34762a7c278cb18fadbcd841a72aef11be28c7f40558dc34b8225
"300","2.5","bgm_MC287","0","30001","138601","ゾンビランドコネクト！\nRe:DIEve","bgm_MC287"
"260","1.33","bgm_M574","0","30002","0","レイドバトル","bgm_M574"