123245a9ab49ea2f80c697c661a667c6e4e292dcc77849ba91f3496206c46ac4,cd72bd061de83a2e7168b2d5b562b7374b135d27f281c773d6cae68d63ceffa4,34f022d9e1b005a29c86dd1eaca9cc99a46b55b58cb498b03926883d96833a1f,a0d43a21375d73e0b43a46865782f175e989fcbe05250fff420e6aeaceb1451f,b900ce09ca1a30e5a24a0fb05b83564c6dcb83b8d8a09b30a5dd8677ba82a297,3061e97d3b1e2c0400508fc9045b26f313106845ce995886769e0a676ff88d24
"10","1","2","10","500","1"
"10","1","3","20","500","1"
"10","1","4","30","500","1"
"10","1","5","40","500","1"
"10","1","6","50","500","1"
"10","1","7","60","500","1"
"10","1","8","70","500","1"
"10","1","9","80","500","1"
"10","1","10","90","500","1"
"15","1","11","105","500","1"
"15","1","12","120","500","1"
"15","1","13","135","500","1"
"15","1","14","150","500","1"
"15","1","15","165","500","1"
"15","1","16","180","500","1"
"15","1","17","195","500","1"
"15","1","18","210","500","1"
"15","1","19","225","500","1"
"15","1","20","240","500","1"
"25","1","21","265","500","1"
"25","1","22","290","500","1"
"25","1","23","315","500","1"
"25","1","24","340","500","1"
"25","1","25","365","500","1"
"25","1","26","390","500","1"
"25","1","27","415","500","1"
"25","1","28","440","500","1"
"25","1","29","465","500","1"
"25","1","30","490","500","1"
"40","1","31","530","500","2"
"40","1","32","570","500","2"
"40","1","33","610","500","2"
"40","1","34","650","500","2"
"40","1","35","690","500","2"
"40","1","36","730","500","2"
"40","1","37","770","500","2"
"40","1","38","810","500","2"
"40","1","39","850","500","2"
"40","1","40","890","500","2"
"50","1","41","940","500","2"
"50","1","42","990","500","2"
"50","1","43","1040","500","2"
"50","1","44","1090","500","2"
"50","1","45","1140","500","2"
"50","1","46","1190","500","2"
"50","1","47","1240","500","2"
"50","1","48","1290","500","2"
"50","1","49","1340","500","2"
"50","1","50","1390","500","2"
"60","1","51","1450","500","3"
"60","1","52","1510","500","3"
"60","1","53","1570","500","3"
"60","1","54","1630","500","3"
"60","1","55","1690","500","3"
"60","1","56","1750","500","3"
"60","1","57","1810","500","3"
"60","1","58","1870","500","3"
"60","1","59","1930","500","3"
"60","1","60","1990","500","3"
"75","1","61","2065","600","3"
"75","1","62","2140","600","3"
"75","1","63","2215","600","3"
"75","1","64","2290","600","3"
"75","1","65","2365","600","3"
"75","1","66","2440","600","3"
"75","1","67","2515","600","3"
"75","1","68","2590","600","3"
"75","1","69","2665","600","3"
"75","1","70","2740","600","3"
"100","1","71","2840","600","4"
"100","1","72","2940","600","4"
"100","1","73","3040","600","4"
"100","1","74","3140","600","4"
"100","1","75","3240","600","4"
"100","1","76","3340","600","4"
"100","1","77","3440","600","4"
"100","1","78","3540","600","4"
"100","1","79","3640","600","4"
"100","1","80","3740","600","4"
"125","1","81","3865","600","4"
"125","1","82","3990","600","4"
"125","1","83","4115","600","4"
"125","1","84","4240","600","4"
"125","1","85","4365","600","4"
"125","1","86","4490","600","4"
"125","1","87","4615","600","4"
"125","1","88","4740","600","4"
"125","1","89","4865","600","4"
"125","1","90","4990","600","4"
"150","1","91","5140","600","5"
"150","1","92","5290","600","5"
"150","1","93","5440","600","5"
"150","1","94","5590","600","5"
"150","1","95","5740","600","5"
"150","1","96","5890","600","5"
"150","1","97","6040","600","5"
"150","1","98","6190","600","5"
"150","1","99","6340","600","5"
"150","1","100","6490","600","5"
"175","1","101","6665","600","5"
"175","1","102","6840","600","5"
"175","1","103","7015","600","5"
"175","1","104","7190","600","5"
"175","1","105","7365","600","5"
"175","1","106","7540","600","5"
"175","1","107","7715","600","5"
"175","1","108","7890","600","5"
"175","1","109","8065","600","5"
"175","1","110","8240","600","5"
"200","1","111","8440","600","6"
"200","1","112","8640","600","6"
"200","1","113","8840","600","6"
"200","1","114","9040","600","6"
"200","1","115","9240","600","6"
"200","1","116","9440","600","6"
"200","1","117","9640","600","6"
"200","1","118","9840","600","6"
"200","1","119","10040","600","6"
"200","1","120","10240","600","6"
"225","1","121","10465","600","6"
"225","1","122","10690","600","6"
"225","1","123","10915","600","6"
"225","1","124","11140","600","6"
"225","1","125","11365","600","6"
"225","1","126","11590","600","6"
"225","1","127","11815","600","6"
"225","1","128","12040","600","6"
"225","1","129","12265","600","6"
"225","1","130","12490","600","6"
"250","1","131","12740","600","7"
"250","1","132","12990","600","7"
"250","1","133","13240","600","7"
"250","1","134","13490","600","7"
"250","1","135","13740","600","7"
"250","1","136","13990","600","7"
"250","1","137","14240","600","7"
"250","1","138","14490","600","7"
"250","1","139","14740","600","7"
"250","1","140","14990","600","7"
"250","1","141","15240","600","8"
"250","1","142","15490","600","8"
"250","1","143","15740","600","8"
"250","1","144","15990","600","8"
"250","1","145","16240","600","8"
"250","1","146","16490","600","8"
"250","1","147","16740","600","8"
"250","1","148","16990","600","8"
"250","1","149","17240","600","8"
"250","1","150","17490","600","8"
"250","1","151","17740","600","9"
"250","1","152","17990","600","9"
"250","1","153","18240","600","9"
"250","1","154","18490","600","9"
"250","1","155","18740","600","9"
"250","1","156","18990","600","9"
"250","1","157","19240","600","9"
"250","1","158","19490","600","9"
"250","1","159","19740","600","9"
"250","1","160","19990","600","9"
"250","1","161","20240","600","10"
"250","1","162","20490","600","10"
"250","1","163","20740","600","10"
"250","1","164","20990","600","10"
"250","1","165","21240","600","10"
"250","1","166","21490","600","10"
"250","1","167","21740","600","10"
"250","1","168","21990","600","10"
"250","1","169","22240","600","10"
"250","1","170","22490","600","10"
"250","1","171","22740","600","11"
"250","1","172","22990","600","11"
"250","1","173","23240","600","11"
"250","1","174","23490","600","11"
"250","1","175","23740","600","11"
"250","1","176","23990","600","11"
"250","1","177","24240","600","11"
"250","1","178","24490","600","11"
"250","1","179","24740","600","11"
"250","1","180","24990","600","11"
"250","1","181","25240","600","12"
"250","1","182","25490","600","12"
"250","1","183","25740","600","12"
"250","1","184","25990","600","12"
"250","1","185","26240","600","12"
"250","1","186","26490","600","12"
"250","1","187","26740","600","12"
"250","1","188","26990","600","12"
"250","1","189","27240","600","12"
"250","1","190","27490","600","12"
"250","1","191","27740","600","13"
"250","1","192","27990","600","13"
"250","1","193","28240","600","13"
"250","1","194","28490","600","13"
"250","1","195","28740","600","13"
"250","1","196","28990","600","13"
"250","1","197","29240","600","13"
"250","1","198","29490","600","13"
"250","1","199","29740","600","13"
"250","1","200","29990","600","13"
"250","1","201","30240","600","14"
"250","1","202","30490","600","14"
"250","1","203","30740","600","14"
"250","1","204","30990","600","14"
"250","1","205","31240","600","14"
"250","1","206","31490","600","14"
"250","1","207","31740","600","14"
"250","1","208","31990","600","14"
"250","1","209","32240","600","14"
"250","1","210","32490","600","14"
"250","1","211","32740","680","15"
"250","1","212","32990","680","15"
"250","1","213","33240","680","15"
"250","1","214","33490","680","15"
"250","1","215","33740","680","15"
"250","1","216","33990","680","15"
"250","1","217","34240","680","15"
"250","1","218","34490","680","15"
"250","1","219","34740","680","15"
"250","1","220","34990","680","15"
"250","1","221","35240","680","16"
"250","1","222","35490","680","16"
"250","1","223","35740","680","16"
"250","1","224","35990","680","16"
"250","1","225","36240","680","16"
"250","1","226","36490","680","16"
"250","1","227","36740","680","16"
"250","1","228","36990","680","16"
"250","1","229","37240","680","16"
"250","1","230","37490","680","16"
"250","1","231","37740","680","17"
"250","1","232","37990","680","17"
"250","1","233","38240","680","17"
"250","1","234","38490","680","17"
"250","1","235","38740","680","17"
"250","1","236","38990","680","17"
"250","1","237","39240","680","17"
"250","1","238","39490","680","17"
"250","1","239","39740","680","17"
"250","1","240","39990","680","17"
"250","1","241","40240","680","18"
"250","1","242","40490","680","18"
"250","1","243","40740","680","18"
"250","1","244","40990","680","18"
"250","1","245","41240","680","18"
"250","1","246","41490","680","18"
"250","1","247","41740","680","18"
"250","1","248","41990","680","18"
"250","1","249","42240","680","18"
"250","1","250","42490","680","18"
"250","1","251","42740","680","19"
"250","1","252","42990","680","19"
"250","1","253","43240","680","19"
"250","1","254","43490","680","19"
"250","1","255","43740","680","19"
"250","1","256","43990","680","19"
"250","1","257","44240","680","19"
"250","1","258","44490","680","19"
"250","1","259","44740","680","19"
"250","1","260","44990","680","19"
"250","1","261","45240","680","20"
"250","1","262","45490","680","20"
"250","1","263","45740","680","20"
"250","1","264","45990","680","20"
"250","1","265","46240","680","20"
"250","1","266","46490","680","20"
"250","1","267","46740","680","20"
"250","1","268","46990","680","20"
"250","1","269","47240","680","20"
"250","1","270","47490","680","20"
"250","1","271","47740","680","21"
"250","1","272","47990","680","21"
"250","1","273","48240","680","21"
"250","1","274","48490","680","21"
"250","1","275","48740","680","21"
"250","1","276","48990","680","21"
"250","1","277","49240","680","21"
"250","1","278","49490","680","21"
"250","1","279","49740","680","21"
"250","1","280","49990","680","21"
"250","1","281","50240","680","22"
"250","1","282","50490","680","22"
"250","1","283","50740","680","22"
"250","1","284","50990","680","22"
"250","1","285","51240","680","22"
"250","1","286","51490","680","22"
"250","1","287","51740","680","22"
"250","1","288","51990","680","22"
"250","1","289","52240","680","22"
"250","1","290","52490","680","22"
"250","1","291","52740","680","23"
"250","1","292","52990","680","23"
"250","1","293","53240","680","23"
"250","1","294","53490","680","23"
"250","1","295","53740","680","23"
"250","1","296","53990","680","23"
"250","1","297","54240","680","23"
"250","1","298","54490","680","23"
"250","1","299","54740","680","23"
"250","1","300","54990","680","23"
"250","1","301","55240","680","24"
"250","1","302","55490","680","24"
"250","1","303","55740","680","24"
"250","1","304","55990","680","24"
"250","1","305","56240","680","24"
"250","1","306","56490","680","24"
"250","1","307","56740","680","24"
"250","1","308","56990","680","24"
"250","1","309","57240","680","24"
"250","1","310","57490","680","24"
"250","1","311","57740","680","25"
"250","1","312","57990","680","25"
"250","1","313","58240","680","25"
"250","1","314","58490","680","25"
"250","1","315","58740","680","25"
"250","1","316","58990","680","25"
"250","1","317","59240","680","25"
"250","1","318","59490","680","25"
"250","1","319","59740","680","25"
"250","1","320","59990","680","25"
"250","1","321","60240","680","26"
"250","1","322","60490","680","26"
"250","1","323","60740","680","26"
"250","1","324","60990","680","26"
"250","1","325","61240","680","26"
"250","1","326","61490","680","26"
"250","1","327","61740","680","26"
"250","1","328","61990","680","26"
"250","1","329","62240","680","26"
"250","1","330","62490","680","26"
"250","1","331","62740","680","27"
"250","1","332","62990","680","27"
"250","1","333","63240","680","27"
"250","1","334","63490","680","27"
"250","1","335","63740","680","27"
"250","1","336","63990","680","27"
"250","1","337","64240","680","27"
"250","1","338","64490","680","27"
"250","1","339","64740","680","27"
"250","1","340","64990","680","27"
"250","1","341","65240","680","28"
"250","1","342","65490","680","28"
"250","1","343","65740","680","28"
"250","1","344","65990","680","28"
"250","1","345","66240","680","28"
"250","1","346","66490","680","28"
"250","1","347","66740","680","28"
"250","1","348","66990","680","28"
"250","1","349","67240","680","28"
"250","1","350","67490","680","28"
"250","1","351","67740","680","29"
"250","1","352","67990","680","29"
"250","1","353","68240","680","29"
"250","1","354","68490","680","29"
"250","1","355","68740","680","29"
"250","1","356","68990","680","29"
"250","1","357","69240","680","29"
"250","1","358","69490","680","29"
"250","1","359","69740","680","29"
"250","1","360","69990","680","29"
"50","2","0","50","200000","1"
"10","2","1","60","500000","1"
"15","2","2","75","500000","1"
"20","2","3","95","500000","1"
"25","2","4","120","500000","1"
"30","2","5","150","500000","1"