7ab338982f9390fb2d50c5c1f0be4224c27a7f3362f5a7121af673d3264c83cb,dd7f4d11a0aa1e19d320344d27878f130e38fe4e25ceeb7fb9671599838f7230,13b7e666833ab7529daa1117a64a51eb7f1a96360643e9d2276712b5d42d1056,7d13af6059138560915463a39127c0f1feef1978022842efb343f6616bf831d8
"20","2","20","1"
"30","3","30","1"
"80","3","50","2"
"160","3","80","3"
"60","4","60","1"
"160","4","100","2"
"340","4","180","3"
"700","4","360","4"
"1200","4","500","5"
"100","5","100","1"
"260","5","160","2"
"540","5","280","3"
"1020","5","480","4"
"1800","5","780","5"
"100","6","100","1"
"260","6","160","2"
"540","6","280","3"
"1020","6","480","4"
"1800","6","780","5"
"100","7","100","1"
"260","7","160","2"
"540","7","280","3"
"1020","7","480","4"
"1800","7","780","5"
"100","8","100","1"
"260","8","160","2"
"540","8","280","3"
"1020","8","480","4"
"1800","8","780","5"
"100","9","100","1"
"260","9","160","2"
"540","9","280","3"
"1020","9","480","4"
"1800","9","780","5"
"100","10","100","1"
"260","10","160","2"
"540","10","280","3"
"1020","10","480","4"
"1800","10","780","5"