9340c1481aedf56dc4de3eedd36e63dd02897fe7eb707f60d0d6db43551fa5c0,83a26c2df1891417efdc9e6a97dc8c12ff62f3aa4bdb2f2d89f81564404a6ae0,77f53ccd5310fefea176912cbeeb9a3e6600b85d64a1cdc4142ab237a7b5a965,67fcef755f9609784dd00ad4b90bf321de960934aa1a0cc541307975679ea4de,735778d3cb49eb243f03e5ac28dbf3accfd069f139c45032a153b714695b14a4,16e3cd50d5f3cf53c5a210fd880f8143651fb6a6cd5b9dc8776e718c709f70f5
"10","10","2","1","1","500"
"20","10","3","1","1","500"
"30","10","4","1","1","500"
"40","10","5","1","1","500"
"50","10","6","1","1","500"
"60","10","7","1","1","500"
"70","10","8","1","1","500"
"80","10","9","1","1","500"
"90","10","10","1","1","500"
"105","15","11","1","1","500"
"120","15","12","1","1","500"
"135","15","13","1","1","500"
"150","15","14","1","1","500"
"165","15","15","1","1","500"
"180","15","16","1","1","500"
"195","15","17","1","1","500"
"210","15","18","1","1","500"
"225","15","19","1","1","500"
"240","15","20","1","1","500"
"265","25","21","1","1","500"
"290","25","22","1","1","500"
"315","25","23","1","1","500"
"340","25","24","1","1","500"
"365","25","25","1","1","500"
"390","25","26","1","1","500"
"415","25","27","1","1","500"
"440","25","28","1","1","500"
"465","25","29","1","1","500"
"490","25","30","1","1","500"
"530","40","31","1","2","500"
"570","40","32","1","2","500"
"610","40","33","1","2","500"
"650","40","34","1","2","500"
"690","40","35","1","2","500"
"730","40","36","1","2","500"
"770","40","37","1","2","500"
"810","40","38","1","2","500"
"850","40","39","1","2","500"
"890","40","40","1","2","500"
"940","50","41","1","2","500"
"990","50","42","1","2","500"
"1040","50","43","1","2","500"
"1090","50","44","1","2","500"
"1140","50","45","1","2","500"
"1190","50","46","1","2","500"
"1240","50","47","1","2","500"
"1290","50","48","1","2","500"
"1340","50","49","1","2","500"
"1390","50","50","1","2","500"
"1450","60","51","1","3","500"
"1510","60","52","1","3","500"
"1570","60","53","1","3","500"
"1630","60","54","1","3","500"
"1690","60","55","1","3","500"
"1750","60","56","1","3","500"
"1810","60","57","1","3","500"
"1870","60","58","1","3","500"
"1930","60","59","1","3","500"
"1990","60","60","1","3","500"
"2065","75","61","1","3","600"
"2140","75","62","1","3","600"
"2215","75","63","1","3","600"
"2290","75","64","1","3","600"
"2365","75","65","1","3","600"
"2440","75","66","1","3","600"
"2515","75","67","1","3","600"
"2590","75","68","1","3","600"
"2665","75","69","1","3","600"
"2740","75","70","1","3","600"
"2840","100","71","1","4","600"
"2940","100","72","1","4","600"
"3040","100","73","1","4","600"
"3140","100","74","1","4","600"
"3240","100","75","1","4","600"
"3340","100","76","1","4","600"
"3440","100","77","1","4","600"
"3540","100","78","1","4","600"
"3640","100","79","1","4","600"
"3740","100","80","1","4","600"
"3865","125","81","1","4","600"
"3990","125","82","1","4","600"
"4115","125","83","1","4","600"
"4240","125","84","1","4","600"
"4365","125","85","1","4","600"
"4490","125","86","1","4","600"
"4615","125","87","1","4","600"
"4740","125","88","1","4","600"
"4865","125","89","1","4","600"
"4990","125","90","1","4","600"
"5140","150","91","1","5","600"
"5290","150","92","1","5","600"
"5440","150","93","1","5","600"
"5590","150","94","1","5","600"
"5740","150","95","1","5","600"
"5890","150","96","1","5","600"
"6040","150","97","1","5","600"
"6190","150","98","1","5","600"
"6340","150","99","1","5","600"
"6490","150","100","1","5","600"
"6665","175","101","1","5","600"
"6840","175","102","1","5","600"
"7015","175","103","1","5","600"
"7190","175","104","1","5","600"
"7365","175","105","1","5","600"
"7540","175","106","1","5","600"
"7715","175","107","1","5","600"
"7890","175","108","1","5","600"
"8065","175","109","1","5","600"
"8240","175","110","1","5","600"
"8440","200","111","1","6","600"
"8640","200","112","1","6","600"
"8840","200","113","1","6","600"
"9040","200","114","1","6","600"
"9240","200","115","1","6","600"
"9440","200","116","1","6","600"
"9640","200","117","1","6","600"
"9840","200","118","1","6","600"
"10040","200","119","1","6","600"
"10240","200","120","1","6","600"
"10465","225","121","1","6","600"
"10690","225","122","1","6","600"
"10915","225","123","1","6","600"
"11140","225","124","1","6","600"
"11365","225","125","1","6","600"
"11590","225","126","1","6","600"
"11815","225","127","1","6","600"
"12040","225","128","1","6","600"
"12265","225","129","1","6","600"
"12490","225","130","1","6","600"
"12740","250","131","1","7","600"
"12990","250","132","1","7","600"
"13240","250","133","1","7","600"
"13490","250","134","1","7","600"
"13740","250","135","1","7","600"
"13990","250","136","1","7","600"
"14240","250","137","1","7","600"
"14490","250","138","1","7","600"
"14740","250","139","1","7","600"
"14990","250","140","1","7","600"
"15240","250","141","1","8","600"
"15490","250","142","1","8","600"
"15740","250","143","1","8","600"
"15990","250","144","1","8","600"
"16240","250","145","1","8","600"
"16490","250","146","1","8","600"
"16740","250","147","1","8","600"
"16990","250","148","1","8","600"
"17240","250","149","1","8","600"
"17490","250","150","1","8","600"
"17740","250","151","1","9","600"
"17990","250","152","1","9","600"
"18240","250","153","1","9","600"
"18490","250","154","1","9","600"
"18740","250","155","1","9","600"
"18990","250","156","1","9","600"
"19240","250","157","1","9","600"
"19490","250","158","1","9","600"
"19740","250","159","1","9","600"
"19990","250","160","1","9","600"
"20240","250","161","1","10","600"
"20490","250","162","1","10","600"
"20740","250","163","1","10","600"
"20990","250","164","1","10","600"
"21240","250","165","1","10","600"
"21490","250","166","1","10","600"
"21740","250","167","1","10","600"
"21990","250","168","1","10","600"
"22240","250","169","1","10","600"
"22490","250","170","1","10","600"
"22740","250","171","1","11","600"
"22990","250","172","1","11","600"
"23240","250","173","1","11","600"
"23490","250","174","1","11","600"
"23740","250","175","1","11","600"
"23990","250","176","1","11","600"
"24240","250","177","1","11","600"
"24490","250","178","1","11","600"
"24740","250","179","1","11","600"
"24990","250","180","1","11","600"
"25240","250","181","1","12","600"
"25490","250","182","1","12","600"
"25740","250","183","1","12","600"
"25990","250","184","1","12","600"
"26240","250","185","1","12","600"
"26490","250","186","1","12","600"
"26740","250","187","1","12","600"
"26990","250","188","1","12","600"
"27240","250","189","1","12","600"
"27490","250","190","1","12","600"
"27740","250","191","1","13","600"
"27990","250","192","1","13","600"
"28240","250","193","1","13","600"
"28490","250","194","1","13","600"
"28740","250","195","1","13","600"
"28990","250","196","1","13","600"
"29240","250","197","1","13","600"
"29490","250","198","1","13","600"
"29740","250","199","1","13","600"
"29990","250","200","1","13","600"
"30240","250","201","1","14","600"
"30490","250","202","1","14","600"
"30740","250","203","1","14","600"
"30990","250","204","1","14","600"
"31240","250","205","1","14","600"
"31490","250","206","1","14","600"
"31740","250","207","1","14","600"
"31990","250","208","1","14","600"
"32240","250","209","1","14","600"
"32490","250","210","1","14","600"
"32740","250","211","1","15","680"
"32990","250","212","1","15","680"
"33240","250","213","1","15","680"
"33490","250","214","1","15","680"
"33740","250","215","1","15","680"
"33990","250","216","1","15","680"
"34240","250","217","1","15","680"
"34490","250","218","1","15","680"
"34740","250","219","1","15","680"
"34990","250","220","1","15","680"
"35240","250","221","1","16","680"
"35490","250","222","1","16","680"
"35740","250","223","1","16","680"
"35990","250","224","1","16","680"
"36240","250","225","1","16","680"
"36490","250","226","1","16","680"
"36740","250","227","1","16","680"
"36990","250","228","1","16","680"
"37240","250","229","1","16","680"
"37490","250","230","1","16","680"
"37740","250","231","1","17","680"
"37990","250","232","1","17","680"
"38240","250","233","1","17","680"
"38490","250","234","1","17","680"
"38740","250","235","1","17","680"
"38990","250","236","1","17","680"
"39240","250","237","1","17","680"
"39490","250","238","1","17","680"
"39740","250","239","1","17","680"
"39990","250","240","1","17","680"
"40240","250","241","1","18","680"
"40490","250","242","1","18","680"
"40740","250","243","1","18","680"
"40990","250","244","1","18","680"
"41240","250","245","1","18","680"
"41490","250","246","1","18","680"
"41740","250","247","1","18","680"
"41990","250","248","1","18","680"
"42240","250","249","1","18","680"
"42490","250","250","1","18","680"
"42740","250","251","1","19","680"
"42990","250","252","1","19","680"
"43240","250","253","1","19","680"
"43490","250","254","1","19","680"
"43740","250","255","1","19","680"
"43990","250","256","1","19","680"
"44240","250","257","1","19","680"
"44490","250","258","1","19","680"
"44740","250","259","1","19","680"
"44990","250","260","1","19","680"
"45240","250","261","1","20","680"
"45490","250","262","1","20","680"
"45740","250","263","1","20","680"
"45990","250","264","1","20","680"
"46240","250","265","1","20","680"
"46490","250","266","1","20","680"
"46740","250","267","1","20","680"
"46990","250","268","1","20","680"
"47240","250","269","1","20","680"
"47490","250","270","1","20","680"
"47740","250","271","1","21","680"
"47990","250","272","1","21","680"
"48240","250","273","1","21","680"
"48490","250","274","1","21","680"
"48740","250","275","1","21","680"
"48990","250","276","1","21","680"
"49240","250","277","1","21","680"
"49490","250","278","1","21","680"
"49740","250","279","1","21","680"
"49990","250","280","1","21","680"
"50240","250","281","1","22","680"
"50490","250","282","1","22","680"
"50740","250","283","1","22","680"
"50990","250","284","1","22","680"
"51240","250","285","1","22","680"
"51490","250","286","1","22","680"
"51740","250","287","1","22","680"
"51990","250","288","1","22","680"
"52240","250","289","1","22","680"
"52490","250","290","1","22","680"
"52740","250","291","1","23","680"
"52990","250","292","1","23","680"
"53240","250","293","1","23","680"
"53490","250","294","1","23","680"
"53740","250","295","1","23","680"
"53990","250","296","1","23","680"
"54240","250","297","1","23","680"
"54490","250","298","1","23","680"
"54740","250","299","1","23","680"
"54990","250","300","1","23","680"
"55240","250","301","1","24","680"
"55490","250","302","1","24","680"
"55740","250","303","1","24","680"
"55990","250","304","1","24","680"
"56240","250","305","1","24","680"
"56490","250","306","1","24","680"
"56740","250","307","1","24","680"
"56990","250","308","1","24","680"
"57240","250","309","1","24","680"
"57490","250","310","1","24","680"
"57740","250","311","1","25","680"
"57990","250","312","1","25","680"
"58240","250","313","1","25","680"
"58490","250","314","1","25","680"
"58740","250","315","1","25","680"
"58990","250","316","1","25","680"
"59240","250","317","1","25","680"
"59490","250","318","1","25","680"
"59740","250","319","1","25","680"
"59990","250","320","1","25","680"
"60240","250","321","1","26","680"
"60490","250","322","1","26","680"
"60740","250","323","1","26","680"
"60990","250","324","1","26","680"
"61240","250","325","1","26","680"
"61490","250","326","1","26","680"
"61740","250","327","1","26","680"
"61990","250","328","1","26","680"
"62240","250","329","1","26","680"
"62490","250","330","1","26","680"
"62740","250","331","1","27","680"
"62990","250","332","1","27","680"
"63240","250","333","1","27","680"
"63490","250","334","1","27","680"
"63740","250","335","1","27","680"
"63990","250","336","1","27","680"
"64240","250","337","1","27","680"
"64490","250","338","1","27","680"
"64740","250","339","1","27","680"
"64990","250","340","1","27","680"
"65240","250","341","1","28","680"
"65490","250","342","1","28","680"
"65740","250","343","1","28","680"
"65990","250","344","1","28","680"
"66240","250","345","1","28","680"
"66490","250","346","1","28","680"
"66740","250","347","1","28","680"
"66990","250","348","1","28","680"
"67240","250","349","1","28","680"
"67490","250","350","1","28","680"
"50","50","0","2","1","200000"
"60","10","1","2","1","500000"
"75","15","2","2","1","500000"
"95","20","3","2","1","500000"
"120","25","4","2","1","500000"
"150","30","5","2","1","500000"