d5716183f437af49686a5e0f198760435d1bea311a4d3b42de9d6ef35b07fca8,21218b92a4ca768eb4a3ecde1a801e852a7a9a22c47554db18cdc84a9911adca,51051b10854479c4b11ee68c14761b3cac3315dcb1dcbda093221b404e28f57e,2874fb560f1293a274d99371db1332fdcbb7b627023af3099d74d57441103edd
"2","20","1","20"
"3","30","1","30"
"3","50","2","80"
"3","80","3","160"
"4","60","1","60"
"4","100","2","160"
"4","180","3","340"
"4","360","4","700"
"4","500","5","1200"
"5","100","1","100"
"5","160","2","260"
"5","280","3","540"
"5","480","4","1020"
"5","780","5","1800"
"6","100","1","100"
"6","160","2","260"
"6","280","3","540"
"6","480","4","1020"
"6","780","5","1800"
"7","100","1","100"
"7","160","2","260"
"7","280","3","540"
"7","480","4","1020"
"7","780","5","1800"
"8","100","1","100"
"8","160","2","260"
"8","280","3","540"
"8","480","4","1020"
"8","780","5","1800"
"9","100","1","100"
"9","160","2","260"
"9","280","3","540"
"9","480","4","1020"
"9","780","5","1800"
"10","100","1","100"
"10","160","2","260"
"10","280","3","540"
"10","480","4","1020"
"10","780","5","1800"