d0884ccd667cd175a14c856cf555edec7717fdd07acfdcff5204ac2ceac59eed,51f08f4ba899e76b27627aece095e4e3a01ad5ed51b70d4f263bd3a107f8fded,d35565ce076441ae07d31057df9c9fc4fead6bef8375b589b40f0791023e1b65,24344e533073ec9257b2d1650e4b7414fdc50f96ffc95cdf6669078be2018611
"1","2","20","20"
"1","3","30","30"
"2","3","80","50"
"3","3","160","80"
"1","4","60","60"
"2","4","160","100"
"3","4","340","180"
"4","4","700","360"
"5","4","1200","500"
"1","5","100","100"
"2","5","260","160"
"3","5","540","280"
"4","5","1020","480"
"5","5","1800","780"
"1","6","100","100"
"2","6","260","160"
"3","6","540","280"
"4","6","1020","480"
"5","6","1800","780"
"1","7","100","100"
"2","7","260","160"
"3","7","540","280"
"4","7","1020","480"
"5","7","1800","780"
"1","8","100","100"
"2","8","260","160"
"3","8","540","280"
"4","8","1020","480"
"5","8","1800","780"
"1","9","100","100"
"2","9","260","160"
"3","9","540","280"
"4","9","1020","480"
"5","9","1800","780"
"1","10","100","100"
"2","10","260","160"
"3","10","540","280"
"4","10","1020","480"
"5","10","1800","780"