1d7449771ef3bbf6679287f7df5c2dd73c54b263af88f50dd470c8ee1d2addcb,bcd911b05df2ac3891cd32df11f960601e345d817356694eb165679aa3938b19,f4f9b3848fee33b047c4a13392bfdd7f90504fb9e214aac7351102d9c1e1fdbe,87cffd452c122d31ff2be8b32bcfdf5403ae9e2e3a7d9a3d69706ee6dd86ea0e,d12f59ccb9776a9e570af7a1d33cf19d519f8a92dce75e91308b1a4959e0705a,374f2766c4c4fee3639d44f0df76e423a5833a1289ee1bd25b50b5833e9e1f42
"1","0","150","1","10","150"
"2","0","400","1","10","250"
"3","0","800","1","10","400"
"1","0","150","2","20","150"
"2","0","400","2","20","250"
"3","0","800","2","20","400"
"4","1","1300","2","20","500"
"1","0","800","3","30","800"
"2","0","1800","3","30","1000"
"3","0","3000","3","30","1200"
"4","1","4400","3","30","1400"
"5","2","6000","3","30","1600"
"1","0","800","4","40","800"
"2","0","1800","4","40","1000"
"3","0","3000","4","40","1200"
"4","1","4400","4","40","1400"
"5","2","6000","4","40","1600"
"0","0","0","5","0","0"