a453a90afc2d93fc633a82134124ded5d4347551d5b0d2e4fd8fae6b3102b585,e7a0b6b08705d072a9cdd0b114979fb13a3b16f54de084f9fad9bbe099f09e79,aec425153e970df466800dd4d86446f9fd67d73e3a6f60a7bc2c72777f063545,5bb81f7d882c81f2ccdc7348f2c9ae221d6b0f4bf5703fe7863db2ad9ccd2c93,dad4a5da4bc7addc6e5606d3d21babddc3be0d0a7bc432e28107cf35907e874b,7e441e88c899567ac9cc9fa9391b9c013d2256cc3b6ee3f88faeb47c10045f8d
"2","1","10","1","500","10"
"3","1","10","1","500","20"
"4","1","10","1","500","30"
"5","1","10","1","500","40"
"6","1","10","1","500","50"
"7","1","10","1","500","60"
"8","1","10","1","500","70"
"9","1","10","1","500","80"
"10","1","10","1","500","90"
"11","1","15","1","500","105"
"12","1","15","1","500","120"
"13","1","15","1","500","135"
"14","1","15","1","500","150"
"15","1","15","1","500","165"
"16","1","15","1","500","180"
"17","1","15","1","500","195"
"18","1","15","1","500","210"
"19","1","15","1","500","225"
"20","1","15","1","500","240"
"21","1","25","1","500","265"
"22","1","25","1","500","290"
"23","1","25","1","500","315"
"24","1","25","1","500","340"
"25","1","25","1","500","365"
"26","1","25","1","500","390"
"27","1","25","1","500","415"
"28","1","25","1","500","440"
"29","1","25","1","500","465"
"30","1","25","1","500","490"
"31","2","40","1","500","530"
"32","2","40","1","500","570"
"33","2","40","1","500","610"
"34","2","40","1","500","650"
"35","2","40","1","500","690"
"36","2","40","1","500","730"
"37","2","40","1","500","770"
"38","2","40","1","500","810"
"39","2","40","1","500","850"
"40","2","40","1","500","890"
"41","2","50","1","500","940"
"42","2","50","1","500","990"
"43","2","50","1","500","1040"
"44","2","50","1","500","1090"
"45","2","50","1","500","1140"
"46","2","50","1","500","1190"
"47","2","50","1","500","1240"
"48","2","50","1","500","1290"
"49","2","50","1","500","1340"
"50","2","50","1","500","1390"
"51","3","60","1","500","1450"
"52","3","60","1","500","1510"
"53","3","60","1","500","1570"
"54","3","60","1","500","1630"
"55","3","60","1","500","1690"
"56","3","60","1","500","1750"
"57","3","60","1","500","1810"
"58","3","60","1","500","1870"
"59","3","60","1","500","1930"
"60","3","60","1","500","1990"
"61","3","75","1","600","2065"
"62","3","75","1","600","2140"
"63","3","75","1","600","2215"
"64","3","75","1","600","2290"
"65","3","75","1","600","2365"
"66","3","75","1","600","2440"
"67","3","75","1","600","2515"
"68","3","75","1","600","2590"
"69","3","75","1","600","2665"
"70","3","75","1","600","2740"
"71","4","100","1","600","2840"
"72","4","100","1","600","2940"
"73","4","100","1","600","3040"
"74","4","100","1","600","3140"
"75","4","100","1","600","3240"
"76","4","100","1","600","3340"
"77","4","100","1","600","3440"
"78","4","100","1","600","3540"
"79","4","100","1","600","3640"
"80","4","100","1","600","3740"
"81","4","125","1","600","3865"
"82","4","125","1","600","3990"
"83","4","125","1","600","4115"
"84","4","125","1","600","4240"
"85","4","125","1","600","4365"
"86","4","125","1","600","4490"
"87","4","125","1","600","4615"
"88","4","125","1","600","4740"
"89","4","125","1","600","4865"
"90","4","125","1","600","4990"
"91","5","150","1","600","5140"
"92","5","150","1","600","5290"
"93","5","150","1","600","5440"
"94","5","150","1","600","5590"
"95","5","150","1","600","5740"
"96","5","150","1","600","5890"
"97","5","150","1","600","6040"
"98","5","150","1","600","6190"
"99","5","150","1","600","6340"
"100","5","150","1","600","6490"
"101","5","175","1","600","6665"
"102","5","175","1","600","6840"
"103","5","175","1","600","7015"
"104","5","175","1","600","7190"
"105","5","175","1","600","7365"
"106","5","175","1","600","7540"
"107","5","175","1","600","7715"
"108","5","175","1","600","7890"
"109","5","175","1","600","8065"
"110","5","175","1","600","8240"
"111","6","200","1","600","8440"
"112","6","200","1","600","8640"
"113","6","200","1","600","8840"
"114","6","200","1","600","9040"
"115","6","200","1","600","9240"
"116","6","200","1","600","9440"
"117","6","200","1","600","9640"
"118","6","200","1","600","9840"
"119","6","200","1","600","10040"
"120","6","200","1","600","10240"
"121","6","225","1","600","10465"
"122","6","225","1","600","10690"
"123","6","225","1","600","10915"
"124","6","225","1","600","11140"
"125","6","225","1","600","11365"
"126","6","225","1","600","11590"
"127","6","225","1","600","11815"
"128","6","225","1","600","12040"
"129","6","225","1","600","12265"
"130","6","225","1","600","12490"
"131","7","250","1","600","12740"
"132","7","250","1","600","12990"
"133","7","250","1","600","13240"
"134","7","250","1","600","13490"
"135","7","250","1","600","13740"
"136","7","250","1","600","13990"
"137","7","250","1","600","14240"
"138","7","250","1","600","14490"
"139","7","250","1","600","14740"
"140","7","250","1","600","14990"
"141","8","250","1","600","15240"
"142","8","250","1","600","15490"
"143","8","250","1","600","15740"
"144","8","250","1","600","15990"
"145","8","250","1","600","16240"
"146","8","250","1","600","16490"
"147","8","250","1","600","16740"
"148","8","250","1","600","16990"
"149","8","250","1","600","17240"
"150","8","250","1","600","17490"
"151","9","250","1","600","17740"
"152","9","250","1","600","17990"
"153","9","250","1","600","18240"
"154","9","250","1","600","18490"
"155","9","250","1","600","18740"
"156","9","250","1","600","18990"
"157","9","250","1","600","19240"
"158","9","250","1","600","19490"
"159","9","250","1","600","19740"
"160","9","250","1","600","19990"
"161","10","250","1","600","20240"
"162","10","250","1","600","20490"
"163","10","250","1","600","20740"
"164","10","250","1","600","20990"
"165","10","250","1","600","21240"
"166","10","250","1","600","21490"
"167","10","250","1","600","21740"
"168","10","250","1","600","21990"
"169","10","250","1","600","22240"
"170","10","250","1","600","22490"
"171","11","250","1","600","22740"
"172","11","250","1","600","22990"
"173","11","250","1","600","23240"
"174","11","250","1","600","23490"
"175","11","250","1","600","23740"
"176","11","250","1","600","23990"
"177","11","250","1","600","24240"
"178","11","250","1","600","24490"
"179","11","250","1","600","24740"
"180","11","250","1","600","24990"
"181","12","250","1","600","25240"
"182","12","250","1","600","25490"
"183","12","250","1","600","25740"
"184","12","250","1","600","25990"
"185","12","250","1","600","26240"
"186","12","250","1","600","26490"
"187","12","250","1","600","26740"
"188","12","250","1","600","26990"
"189","12","250","1","600","27240"
"190","12","250","1","600","27490"
"191","13","250","1","600","27740"
"192","13","250","1","600","27990"
"193","13","250","1","600","28240"
"194","13","250","1","600","28490"
"195","13","250","1","600","28740"
"196","13","250","1","600","28990"
"197","13","250","1","600","29240"
"198","13","250","1","600","29490"
"199","13","250","1","600","29740"
"200","13","250","1","600","29990"
"201","14","250","1","600","30240"
"202","14","250","1","600","30490"
"203","14","250","1","600","30740"
"204","14","250","1","600","30990"
"205","14","250","1","600","31240"
"206","14","250","1","600","31490"
"207","14","250","1","600","31740"
"208","14","250","1","600","31990"
"209","14","250","1","600","32240"
"210","14","250","1","600","32490"
"211","15","250","1","680","32740"
"212","15","250","1","680","32990"
"213","15","250","1","680","33240"
"214","15","250","1","680","33490"
"215","15","250","1","680","33740"
"216","15","250","1","680","33990"
"217","15","250","1","680","34240"
"218","15","250","1","680","34490"
"219","15","250","1","680","34740"
"220","15","250","1","680","34990"
"221","16","250","1","680","35240"
"222","16","250","1","680","35490"
"223","16","250","1","680","35740"
"224","16","250","1","680","35990"
"225","16","250","1","680","36240"
"226","16","250","1","680","36490"
"227","16","250","1","680","36740"
"228","16","250","1","680","36990"
"229","16","250","1","680","37240"
"230","16","250","1","680","37490"
"231","17","250","1","680","37740"
"232","17","250","1","680","37990"
"233","17","250","1","680","38240"
"234","17","250","1","680","38490"
"235","17","250","1","680","38740"
"236","17","250","1","680","38990"
"237","17","250","1","680","39240"
"238","17","250","1","680","39490"
"239","17","250","1","680","39740"
"240","17","250","1","680","39990"
"241","18","250","1","680","40240"
"242","18","250","1","680","40490"
"243","18","250","1","680","40740"
"244","18","250","1","680","40990"
"245","18","250","1","680","41240"
"246","18","250","1","680","41490"
"247","18","250","1","680","41740"
"248","18","250","1","680","41990"
"249","18","250","1","680","42240"
"250","18","250","1","680","42490"
"251","19","250","1","680","42740"
"252","19","250","1","680","42990"
"253","19","250","1","680","43240"
"254","19","250","1","680","43490"
"255","19","250","1","680","43740"
"256","19","250","1","680","43990"
"257","19","250","1","680","44240"
"258","19","250","1","680","44490"
"259","19","250","1","680","44740"
"260","19","250","1","680","44990"
"261","20","250","1","680","45240"
"262","20","250","1","680","45490"
"263","20","250","1","680","45740"
"264","20","250","1","680","45990"
"265","20","250","1","680","46240"
"266","20","250","1","680","46490"
"267","20","250","1","680","46740"
"268","20","250","1","680","46990"
"269","20","250","1","680","47240"
"270","20","250","1","680","47490"
"271","21","250","1","680","47740"
"272","21","250","1","680","47990"
"273","21","250","1","680","48240"
"274","21","250","1","680","48490"
"275","21","250","1","680","48740"
"276","21","250","1","680","48990"
"277","21","250","1","680","49240"
"278","21","250","1","680","49490"
"279","21","250","1","680","49740"
"280","21","250","1","680","49990"
"281","22","250","1","680","50240"
"282","22","250","1","680","50490"
"283","22","250","1","680","50740"
"284","22","250","1","680","50990"
"285","22","250","1","680","51240"
"286","22","250","1","680","51490"
"287","22","250","1","680","51740"
"288","22","250","1","680","51990"
"289","22","250","1","680","52240"
"290","22","250","1","680","52490"
"291","23","250","1","680","52740"
"292","23","250","1","680","52990"
"293","23","250","1","680","53240"
"294","23","250","1","680","53490"
"295","23","250","1","680","53740"
"296","23","250","1","680","53990"
"297","23","250","1","680","54240"
"298","23","250","1","680","54490"
"299","23","250","1","680","54740"
"300","23","250","1","680","54990"
"301","24","250","1","680","55240"
"302","24","250","1","680","55490"
"303","24","250","1","680","55740"
"304","24","250","1","680","55990"
"305","24","250","1","680","56240"
"306","24","250","1","680","56490"
"307","24","250","1","680","56740"
"308","24","250","1","680","56990"
"309","24","250","1","680","57240"
"310","24","250","1","680","57490"
"311","25","250","1","680","57740"
"312","25","250","1","680","57990"
"313","25","250","1","680","58240"
"314","25","250","1","680","58490"
"315","25","250","1","680","58740"
"316","25","250","1","680","58990"
"317","25","250","1","680","59240"
"318","25","250","1","680","59490"
"319","25","250","1","680","59740"
"320","25","250","1","680","59990"
"321","26","250","1","680","60240"
"322","26","250","1","680","60490"
"323","26","250","1","680","60740"
"324","26","250","1","680","60990"
"325","26","250","1","680","61240"
"326","26","250","1","680","61490"
"327","26","250","1","680","61740"
"328","26","250","1","680","61990"
"329","26","250","1","680","62240"
"330","26","250","1","680","62490"
"331","27","250","1","680","62740"
"332","27","250","1","680","62990"
"333","27","250","1","680","63240"
"334","27","250","1","680","63490"
"335","27","250","1","680","63740"
"336","27","250","1","680","63990"
"337","27","250","1","680","64240"
"338","27","250","1","680","64490"
"339","27","250","1","680","64740"
"340","27","250","1","680","64990"
"0","1","50","2","200000","50"
"1","1","10","2","500000","60"
"2","1","15","2","500000","75"
"3","1","20","2","500000","95"
"4","1","25","2","500000","120"
"5","1","30","2","500000","150"