1b6d56cd1ea9572b51216d5a3dcb1cd6449e1e5674c426ee2d42a16687370229,0a46b998d484f6549560a5d92e9edf30b3845b0a327b25947967438a63758493,aedcd7be53a4365c7494aa3b488a90820c5371b8f08125a0fb37f3de25909d58,0a4c0ce92ed0f6e2f125a26852fbcc8dc0c8d93861bb4c44a2196fb861a52702,89e28759a35ed7d5f491c79547172959915e7fb301792cc6ea8173f5f1ea50fd,f60fded71dd431a5f13b7b98249053f1ebcbfb270e374b65a7b19a98028325b6
"1","1","10","150","150","0"
"1","2","10","250","400","0"
"1","3","10","400","800","0"
"2","1","20","150","150","0"
"2","2","20","250","400","0"
"2","3","20","400","800","0"
"2","4","20","500","1300","1"
"3","1","30","800","800","0"
"3","2","30","1000","1800","0"
"3","3","30","1200","3000","0"
"3","4","30","1400","4400","1"
"3","5","30","1600","6000","2"
"4","1","40","800","800","0"
"4","2","40","1000","1800","0"
"4","3","40","1200","3000","0"
"4","4","40","1400","4400","1"
"4","5","40","1600","6000","2"