d2c6813df1a0f85c6e1b660a5c319d6f199d928024213ec80cf745e5e5155134,96e5a974bbec676bab7ba62684df35e6f419227aaf6ec665717076aef93b5a17,8ddfcde41747c0eebdbde0eb08c175d185613bec2fb401431b8a7673c0965361,c456190f9c96a6178fffff274d45fe7b307e07ff62516a3fdce14d9902f00f34,37df537868b6f0a83911b67363107ece59328b66cba0d88dcd9b025d43a63c72,4bf30dade31563ae14271b66d4678adf239aaa6a85758709a04f80206bb308ac
"10","500","1","10","2","1"
"20","500","1","10","3","1"
"30","500","1","10","4","1"
"40","500","1","10","5","1"
"50","500","1","10","6","1"
"60","500","1","10","7","1"
"70","500","1","10","8","1"
"80","500","1","10","9","1"
"90","500","1","10","10","1"
"105","500","1","15","11","1"
"120","500","1","15","12","1"
"135","500","1","15","13","1"
"150","500","1","15","14","1"
"165","500","1","15","15","1"
"180","500","1","15","16","1"
"195","500","1","15","17","1"
"210","500","1","15","18","1"
"225","500","1","15","19","1"
"240","500","1","15","20","1"
"265","500","1","25","21","1"
"290","500","1","25","22","1"
"315","500","1","25","23","1"
"340","500","1","25","24","1"
"365","500","1","25","25","1"
"390","500","1","25","26","1"
"415","500","1","25","27","1"
"440","500","1","25","28","1"
"465","500","1","25","29","1"
"490","500","1","25","30","1"
"530","500","2","40","31","1"
"570","500","2","40","32","1"
"610","500","2","40","33","1"
"650","500","2","40","34","1"
"690","500","2","40","35","1"
"730","500","2","40","36","1"
"770","500","2","40","37","1"
"810","500","2","40","38","1"
"850","500","2","40","39","1"
"890","500","2","40","40","1"
"940","500","2","50","41","1"
"990","500","2","50","42","1"
"1040","500","2","50","43","1"
"1090","500","2","50","44","1"
"1140","500","2","50","45","1"
"1190","500","2","50","46","1"
"1240","500","2","50","47","1"
"1290","500","2","50","48","1"
"1340","500","2","50","49","1"
"1390","500","2","50","50","1"
"1450","500","3","60","51","1"
"1510","500","3","60","52","1"
"1570","500","3","60","53","1"
"1630","500","3","60","54","1"
"1690","500","3","60","55","1"
"1750","500","3","60","56","1"
"1810","500","3","60","57","1"
"1870","500","3","60","58","1"
"1930","500","3","60","59","1"
"1990","500","3","60","60","1"
"2065","600","3","75","61","1"
"2140","600","3","75","62","1"
"2215","600","3","75","63","1"
"2290","600","3","75","64","1"
"2365","600","3","75","65","1"
"2440","600","3","75","66","1"
"2515","600","3","75","67","1"
"2590","600","3","75","68","1"
"2665","600","3","75","69","1"
"2740","600","3","75","70","1"
"2840","600","4","100","71","1"
"2940","600","4","100","72","1"
"3040","600","4","100","73","1"
"3140","600","4","100","74","1"
"3240","600","4","100","75","1"
"3340","600","4","100","76","1"
"3440","600","4","100","77","1"
"3540","600","4","100","78","1"
"3640","600","4","100","79","1"
"3740","600","4","100","80","1"
"3865","600","4","125","81","1"
"3990","600","4","125","82","1"
"4115","600","4","125","83","1"
"4240","600","4","125","84","1"
"4365","600","4","125","85","1"
"4490","600","4","125","86","1"
"4615","600","4","125","87","1"
"4740","600","4","125","88","1"
"4865","600","4","125","89","1"
"4990","600","4","125","90","1"
"5140","600","5","150","91","1"
"5290","600","5","150","92","1"
"5440","600","5","150","93","1"
"5590","600","5","150","94","1"
"5740","600","5","150","95","1"
"5890","600","5","150","96","1"
"6040","600","5","150","97","1"
"6190","600","5","150","98","1"
"6340","600","5","150","99","1"
"6490","600","5","150","100","1"
"6665","600","5","175","101","1"
"6840","600","5","175","102","1"
"7015","600","5","175","103","1"
"7190","600","5","175","104","1"
"7365","600","5","175","105","1"
"7540","600","5","175","106","1"
"7715","600","5","175","107","1"
"7890","600","5","175","108","1"
"8065","600","5","175","109","1"
"8240","600","5","175","110","1"
"8440","600","6","200","111","1"
"8640","600","6","200","112","1"
"8840","600","6","200","113","1"
"9040","600","6","200","114","1"
"9240","600","6","200","115","1"
"9440","600","6","200","116","1"
"9640","600","6","200","117","1"
"9840","600","6","200","118","1"
"10040","600","6","200","119","1"
"10240","600","6","200","120","1"
"10465","600","6","225","121","1"
"10690","600","6","225","122","1"
"10915","600","6","225","123","1"
"11140","600","6","225","124","1"
"11365","600","6","225","125","1"
"11590","600","6","225","126","1"
"11815","600","6","225","127","1"
"12040","600","6","225","128","1"
"12265","600","6","225","129","1"
"12490","600","6","225","130","1"
"12740","600","7","250","131","1"
"12990","600","7","250","132","1"
"13240","600","7","250","133","1"
"13490","600","7","250","134","1"
"13740","600","7","250","135","1"
"13990","600","7","250","136","1"
"14240","600","7","250","137","1"
"14490","600","7","250","138","1"
"14740","600","7","250","139","1"
"14990","600","7","250","140","1"
"15240","600","8","250","141","1"
"15490","600","8","250","142","1"
"15740","600","8","250","143","1"
"15990","600","8","250","144","1"
"16240","600","8","250","145","1"
"16490","600","8","250","146","1"
"16740","600","8","250","147","1"
"16990","600","8","250","148","1"
"17240","600","8","250","149","1"
"17490","600","8","250","150","1"
"17740","600","9","250","151","1"
"17990","600","9","250","152","1"
"18240","600","9","250","153","1"
"18490","600","9","250","154","1"
"18740","600","9","250","155","1"
"18990","600","9","250","156","1"
"19240","600","9","250","157","1"
"19490","600","9","250","158","1"
"19740","600","9","250","159","1"
"19990","600","9","250","160","1"
"20240","600","10","250","161","1"
"20490","600","10","250","162","1"
"20740","600","10","250","163","1"
"20990","600","10","250","164","1"
"21240","600","10","250","165","1"
"21490","600","10","250","166","1"
"21740","600","10","250","167","1"
"21990","600","10","250","168","1"
"22240","600","10","250","169","1"
"22490","600","10","250","170","1"
"22740","600","11","250","171","1"
"22990","600","11","250","172","1"
"23240","600","11","250","173","1"
"23490","600","11","250","174","1"
"23740","600","11","250","175","1"
"23990","600","11","250","176","1"
"24240","600","11","250","177","1"
"24490","600","11","250","178","1"
"24740","600","11","250","179","1"
"24990","600","11","250","180","1"
"25240","600","12","250","181","1"
"25490","600","12","250","182","1"
"25740","600","12","250","183","1"
"25990","600","12","250","184","1"
"26240","600","12","250","185","1"
"26490","600","12","250","186","1"
"26740","600","12","250","187","1"
"26990","600","12","250","188","1"
"27240","600","12","250","189","1"
"27490","600","12","250","190","1"
"27740","600","13","250","191","1"
"27990","600","13","250","192","1"
"28240","600","13","250","193","1"
"28490","600","13","250","194","1"
"28740","600","13","250","195","1"
"28990","600","13","250","196","1"
"29240","600","13","250","197","1"
"29490","600","13","250","198","1"
"29740","600","13","250","199","1"
"29990","600","13","250","200","1"
"30240","600","14","250","201","1"
"30490","600","14","250","202","1"
"30740","600","14","250","203","1"
"30990","600","14","250","204","1"
"31240","600","14","250","205","1"
"31490","600","14","250","206","1"
"31740","600","14","250","207","1"
"31990","600","14","250","208","1"
"32240","600","14","250","209","1"
"32490","600","14","250","210","1"
"32740","680","15","250","211","1"
"32990","680","15","250","212","1"
"33240","680","15","250","213","1"
"33490","680","15","250","214","1"
"33740","680","15","250","215","1"
"33990","680","15","250","216","1"
"34240","680","15","250","217","1"
"34490","680","15","250","218","1"
"34740","680","15","250","219","1"
"34990","680","15","250","220","1"
"35240","680","16","250","221","1"
"35490","680","16","250","222","1"
"35740","680","16","250","223","1"
"35990","680","16","250","224","1"
"36240","680","16","250","225","1"
"36490","680","16","250","226","1"
"36740","680","16","250","227","1"
"36990","680","16","250","228","1"
"37240","680","16","250","229","1"
"37490","680","16","250","230","1"
"37740","680","17","250","231","1"
"37990","680","17","250","232","1"
"38240","680","17","250","233","1"
"38490","680","17","250","234","1"
"38740","680","17","250","235","1"
"38990","680","17","250","236","1"
"39240","680","17","250","237","1"
"39490","680","17","250","238","1"
"39740","680","17","250","239","1"
"39990","680","17","250","240","1"
"40240","680","18","250","241","1"
"40490","680","18","250","242","1"
"40740","680","18","250","243","1"
"40990","680","18","250","244","1"
"41240","680","18","250","245","1"
"41490","680","18","250","246","1"
"41740","680","18","250","247","1"
"41990","680","18","250","248","1"
"42240","680","18","250","249","1"
"42490","680","18","250","250","1"
"42740","680","19","250","251","1"
"42990","680","19","250","252","1"
"43240","680","19","250","253","1"
"43490","680","19","250","254","1"
"43740","680","19","250","255","1"
"43990","680","19","250","256","1"
"44240","680","19","250","257","1"
"44490","680","19","250","258","1"
"44740","680","19","250","259","1"
"44990","680","19","250","260","1"
"45240","680","20","250","261","1"
"45490","680","20","250","262","1"
"45740","680","20","250","263","1"
"45990","680","20","250","264","1"
"46240","680","20","250","265","1"
"46490","680","20","250","266","1"
"46740","680","20","250","267","1"
"46990","680","20","250","268","1"
"47240","680","20","250","269","1"
"47490","680","20","250","270","1"
"47740","680","21","250","271","1"
"47990","680","21","250","272","1"
"48240","680","21","250","273","1"
"48490","680","21","250","274","1"
"48740","680","21","250","275","1"
"48990","680","21","250","276","1"
"49240","680","21","250","277","1"
"49490","680","21","250","278","1"
"49740","680","21","250","279","1"
"49990","680","21","250","280","1"
"50240","680","22","250","281","1"
"50490","680","22","250","282","1"
"50740","680","22","250","283","1"
"50990","680","22","250","284","1"
"51240","680","22","250","285","1"
"51490","680","22","250","286","1"
"51740","680","22","250","287","1"
"51990","680","22","250","288","1"
"52240","680","22","250","289","1"
"52490","680","22","250","290","1"
"52740","680","23","250","291","1"
"52990","680","23","250","292","1"
"53240","680","23","250","293","1"
"53490","680","23","250","294","1"
"53740","680","23","250","295","1"
"53990","680","23","250","296","1"
"54240","680","23","250","297","1"
"54490","680","23","250","298","1"
"54740","680","23","250","299","1"
"54990","680","23","250","300","1"
"55240","680","24","250","301","1"
"55490","680","24","250","302","1"
"55740","680","24","250","303","1"
"55990","680","24","250","304","1"
"56240","680","24","250","305","1"
"56490","680","24","250","306","1"
"56740","680","24","250","307","1"
"56990","680","24","250","308","1"
"57240","680","24","250","309","1"
"57490","680","24","250","310","1"
"57740","680","25","250","311","1"
"57990","680","25","250","312","1"
"58240","680","25","250","313","1"
"58490","680","25","250","314","1"
"58740","680","25","250","315","1"
"58990","680","25","250","316","1"
"59240","680","25","250","317","1"
"59490","680","25","250","318","1"
"59740","680","25","250","319","1"
"59990","680","25","250","320","1"
"60240","680","26","250","321","1"
"60490","680","26","250","322","1"
"60740","680","26","250","323","1"
"60990","680","26","250","324","1"
"61240","680","26","250","325","1"
"61490","680","26","250","326","1"
"61740","680","26","250","327","1"
"61990","680","26","250","328","1"
"62240","680","26","250","329","1"
"62490","680","26","250","330","1"
"62740","680","27","250","331","1"
"62990","680","27","250","332","1"
"63240","680","27","250","333","1"
"63490","680","27","250","334","1"
"63740","680","27","250","335","1"
"63990","680","27","250","336","1"
"64240","680","27","250","337","1"
"64490","680","27","250","338","1"
"64740","680","27","250","339","1"
"64990","680","27","250","340","1"
"65240","680","28","250","341","1"
"65490","680","28","250","342","1"
"65740","680","28","250","343","1"
"65990","680","28","250","344","1"
"66240","680","28","250","345","1"
"66490","680","28","250","346","1"
"66740","680","28","250","347","1"
"66990","680","28","250","348","1"
"67240","680","28","250","349","1"
"67490","680","28","250","350","1"
"67740","680","29","250","351","1"
"67990","680","29","250","352","1"
"68240","680","29","250","353","1"
"68490","680","29","250","354","1"
"68740","680","29","250","355","1"
"68990","680","29","250","356","1"
"69240","680","29","250","357","1"
"69490","680","29","250","358","1"
"69740","680","29","250","359","1"
"69990","680","29","250","360","1"
"50","200000","1","50","0","2"
"60","500000","1","10","1","2"
"75","500000","1","15","2","2"
"95","500000","1","20","3","2"
"120","500000","1","25","4","2"
"150","500000","1","30","5","2"