2ddc70e8883d3164233096981ea05e2a34d248767f46403280e67e998a7f8741,dfae278525ecbc48d329545b29927dbe635ec72fdd538fb6f130ff5f8bd1edf7,c0f0f4ec20c1141894d52aae364b1042c67a9bea4bc87945bed98545fdd4489d,eeb5714e010377df35b9279a54e2a2f84283addff01b90a4d461d414597216f4,f427b6815d639b30e78f4737d0471108277c87a0f0ad4988c345471db3bdcf99,47637ebb237310002fdcf5917a7280e05fe62ce70057f3988a291d1c6d663573
"2","500","1","10","10","1"
"3","500","1","10","20","1"
"4","500","1","10","30","1"
"5","500","1","10","40","1"
"6","500","1","10","50","1"
"7","500","1","10","60","1"
"8","500","1","10","70","1"
"9","500","1","10","80","1"
"10","500","1","10","90","1"
"11","500","1","15","105","1"
"12","500","1","15","120","1"
"13","500","1","15","135","1"
"14","500","1","15","150","1"
"15","500","1","15","165","1"
"16","500","1","15","180","1"
"17","500","1","15","195","1"
"18","500","1","15","210","1"
"19","500","1","15","225","1"
"20","500","1","15","240","1"
"21","500","1","25","265","1"
"22","500","1","25","290","1"
"23","500","1","25","315","1"
"24","500","1","25","340","1"
"25","500","1","25","365","1"
"26","500","1","25","390","1"
"27","500","1","25","415","1"
"28","500","1","25","440","1"
"29","500","1","25","465","1"
"30","500","1","25","490","1"
"31","500","1","40","530","2"
"32","500","1","40","570","2"
"33","500","1","40","610","2"
"34","500","1","40","650","2"
"35","500","1","40","690","2"
"36","500","1","40","730","2"
"37","500","1","40","770","2"
"38","500","1","40","810","2"
"39","500","1","40","850","2"
"40","500","1","40","890","2"
"41","500","1","50","940","2"
"42","500","1","50","990","2"
"43","500","1","50","1040","2"
"44","500","1","50","1090","2"
"45","500","1","50","1140","2"
"46","500","1","50","1190","2"
"47","500","1","50","1240","2"
"48","500","1","50","1290","2"
"49","500","1","50","1340","2"
"50","500","1","50","1390","2"
"51","500","1","60","1450","3"
"52","500","1","60","1510","3"
"53","500","1","60","1570","3"
"54","500","1","60","1630","3"
"55","500","1","60","1690","3"
"56","500","1","60","1750","3"
"57","500","1","60","1810","3"
"58","500","1","60","1870","3"
"59","500","1","60","1930","3"
"60","500","1","60","1990","3"
"61","600","1","75","2065","3"
"62","600","1","75","2140","3"
"63","600","1","75","2215","3"
"64","600","1","75","2290","3"
"65","600","1","75","2365","3"
"66","600","1","75","2440","3"
"67","600","1","75","2515","3"
"68","600","1","75","2590","3"
"69","600","1","75","2665","3"
"70","600","1","75","2740","3"
"71","600","1","100","2840","4"
"72","600","1","100","2940","4"
"73","600","1","100","3040","4"
"74","600","1","100","3140","4"
"75","600","1","100","3240","4"
"76","600","1","100","3340","4"
"77","600","1","100","3440","4"
"78","600","1","100","3540","4"
"79","600","1","100","3640","4"
"80","600","1","100","3740","4"
"81","600","1","125","3865","4"
"82","600","1","125","3990","4"
"83","600","1","125","4115","4"
"84","600","1","125","4240","4"
"85","600","1","125","4365","4"
"86","600","1","125","4490","4"
"87","600","1","125","4615","4"
"88","600","1","125","4740","4"
"89","600","1","125","4865","4"
"90","600","1","125","4990","4"
"91","600","1","150","5140","5"
"92","600","1","150","5290","5"
"93","600","1","150","5440","5"
"94","600","1","150","5590","5"
"95","600","1","150","5740","5"
"96","600","1","150","5890","5"
"97","600","1","150","6040","5"
"98","600","1","150","6190","5"
"99","600","1","150","6340","5"
"100","600","1","150","6490","5"
"101","600","1","175","6665","5"
"102","600","1","175","6840","5"
"103","600","1","175","7015","5"
"104","600","1","175","7190","5"
"105","600","1","175","7365","5"
"106","600","1","175","7540","5"
"107","600","1","175","7715","5"
"108","600","1","175","7890","5"
"109","600","1","175","8065","5"
"110","600","1","175","8240","5"
"111","600","1","200","8440","6"
"112","600","1","200","8640","6"
"113","600","1","200","8840","6"
"114","600","1","200","9040","6"
"115","600","1","200","9240","6"
"116","600","1","200","9440","6"
"117","600","1","200","9640","6"
"118","600","1","200","9840","6"
"119","600","1","200","10040","6"
"120","600","1","200","10240","6"
"121","600","1","225","10465","6"
"122","600","1","225","10690","6"
"123","600","1","225","10915","6"
"124","600","1","225","11140","6"
"125","600","1","225","11365","6"
"126","600","1","225","11590","6"
"127","600","1","225","11815","6"
"128","600","1","225","12040","6"
"129","600","1","225","12265","6"
"130","600","1","225","12490","6"
"131","600","1","250","12740","7"
"132","600","1","250","12990","7"
"133","600","1","250","13240","7"
"134","600","1","250","13490","7"
"135","600","1","250","13740","7"
"136","600","1","250","13990","7"
"137","600","1","250","14240","7"
"138","600","1","250","14490","7"
"139","600","1","250","14740","7"
"140","600","1","250","14990","7"
"141","600","1","250","15240","8"
"142","600","1","250","15490","8"
"143","600","1","250","15740","8"
"144","600","1","250","15990","8"
"145","600","1","250","16240","8"
"146","600","1","250","16490","8"
"147","600","1","250","16740","8"
"148","600","1","250","16990","8"
"149","600","1","250","17240","8"
"150","600","1","250","17490","8"
"151","600","1","250","17740","9"
"152","600","1","250","17990","9"
"153","600","1","250","18240","9"
"154","600","1","250","18490","9"
"155","600","1","250","18740","9"
"156","600","1","250","18990","9"
"157","600","1","250","19240","9"
"158","600","1","250","19490","9"
"159","600","1","250","19740","9"
"160","600","1","250","19990","9"
"161","600","1","250","20240","10"
"162","600","1","250","20490","10"
"163","600","1","250","20740","10"
"164","600","1","250","20990","10"
"165","600","1","250","21240","10"
"166","600","1","250","21490","10"
"167","600","1","250","21740","10"
"168","600","1","250","21990","10"
"169","600","1","250","22240","10"
"170","600","1","250","22490","10"
"171","600","1","250","22740","11"
"172","600","1","250","22990","11"
"173","600","1","250","23240","11"
"174","600","1","250","23490","11"
"175","600","1","250","23740","11"
"176","600","1","250","23990","11"
"177","600","1","250","24240","11"
"178","600","1","250","24490","11"
"179","600","1","250","24740","11"
"180","600","1","250","24990","11"
"181","600","1","250","25240","12"
"182","600","1","250","25490","12"
"183","600","1","250","25740","12"
"184","600","1","250","25990","12"
"185","600","1","250","26240","12"
"186","600","1","250","26490","12"
"187","600","1","250","26740","12"
"188","600","1","250","26990","12"
"189","600","1","250","27240","12"
"190","600","1","250","27490","12"
"191","600","1","250","27740","13"
"192","600","1","250","27990","13"
"193","600","1","250","28240","13"
"194","600","1","250","28490","13"
"195","600","1","250","28740","13"
"196","600","1","250","28990","13"
"197","600","1","250","29240","13"
"198","600","1","250","29490","13"
"199","600","1","250","29740","13"
"200","600","1","250","29990","13"
"201","600","1","250","30240","14"
"202","600","1","250","30490","14"
"203","600","1","250","30740","14"
"204","600","1","250","30990","14"
"205","600","1","250","31240","14"
"206","600","1","250","31490","14"
"207","600","1","250","31740","14"
"208","600","1","250","31990","14"
"209","600","1","250","32240","14"
"210","600","1","250","32490","14"
"211","680","1","250","32740","15"
"212","680","1","250","32990","15"
"213","680","1","250","33240","15"
"214","680","1","250","33490","15"
"215","680","1","250","33740","15"
"216","680","1","250","33990","15"
"217","680","1","250","34240","15"
"218","680","1","250","34490","15"
"219","680","1","250","34740","15"
"220","680","1","250","34990","15"
"221","680","1","250","35240","16"
"222","680","1","250","35490","16"
"223","680","1","250","35740","16"
"224","680","1","250","35990","16"
"225","680","1","250","36240","16"
"226","680","1","250","36490","16"
"227","680","1","250","36740","16"
"228","680","1","250","36990","16"
"229","680","1","250","37240","16"
"230","680","1","250","37490","16"
"231","680","1","250","37740","17"
"232","680","1","250","37990","17"
"233","680","1","250","38240","17"
"234","680","1","250","38490","17"
"235","680","1","250","38740","17"
"236","680","1","250","38990","17"
"237","680","1","250","39240","17"
"238","680","1","250","39490","17"
"239","680","1","250","39740","17"
"240","680","1","250","39990","17"
"241","680","1","250","40240","18"
"242","680","1","250","40490","18"
"243","680","1","250","40740","18"
"244","680","1","250","40990","18"
"245","680","1","250","41240","18"
"246","680","1","250","41490","18"
"247","680","1","250","41740","18"
"248","680","1","250","41990","18"
"249","680","1","250","42240","18"
"250","680","1","250","42490","18"
"251","680","1","250","42740","19"
"252","680","1","250","42990","19"
"253","680","1","250","43240","19"
"254","680","1","250","43490","19"
"255","680","1","250","43740","19"
"256","680","1","250","43990","19"
"257","680","1","250","44240","19"
"258","680","1","250","44490","19"
"259","680","1","250","44740","19"
"260","680","1","250","44990","19"
"261","680","1","250","45240","20"
"262","680","1","250","45490","20"
"263","680","1","250","45740","20"
"264","680","1","250","45990","20"
"265","680","1","250","46240","20"
"266","680","1","250","46490","20"
"267","680","1","250","46740","20"
"268","680","1","250","46990","20"
"269","680","1","250","47240","20"
"270","680","1","250","47490","20"
"271","680","1","250","47740","21"
"272","680","1","250","47990","21"
"273","680","1","250","48240","21"
"274","680","1","250","48490","21"
"275","680","1","250","48740","21"
"276","680","1","250","48990","21"
"277","680","1","250","49240","21"
"278","680","1","250","49490","21"
"279","680","1","250","49740","21"
"280","680","1","250","49990","21"
"281","680","1","250","50240","22"
"282","680","1","250","50490","22"
"283","680","1","250","50740","22"
"284","680","1","250","50990","22"
"285","680","1","250","51240","22"
"286","680","1","250","51490","22"
"287","680","1","250","51740","22"
"288","680","1","250","51990","22"
"289","680","1","250","52240","22"
"290","680","1","250","52490","22"
"291","680","1","250","52740","23"
"292","680","1","250","52990","23"
"293","680","1","250","53240","23"
"294","680","1","250","53490","23"
"295","680","1","250","53740","23"
"296","680","1","250","53990","23"
"297","680","1","250","54240","23"
"298","680","1","250","54490","23"
"299","680","1","250","54740","23"
"300","680","1","250","54990","23"
"301","680","1","250","55240","24"
"302","680","1","250","55490","24"
"303","680","1","250","55740","24"
"304","680","1","250","55990","24"
"305","680","1","250","56240","24"
"306","680","1","250","56490","24"
"307","680","1","250","56740","24"
"308","680","1","250","56990","24"
"309","680","1","250","57240","24"
"310","680","1","250","57490","24"
"311","680","1","250","57740","25"
"312","680","1","250","57990","25"
"313","680","1","250","58240","25"
"314","680","1","250","58490","25"
"315","680","1","250","58740","25"
"316","680","1","250","58990","25"
"317","680","1","250","59240","25"
"318","680","1","250","59490","25"
"319","680","1","250","59740","25"
"320","680","1","250","59990","25"
"321","680","1","250","60240","26"
"322","680","1","250","60490","26"
"323","680","1","250","60740","26"
"324","680","1","250","60990","26"
"325","680","1","250","61240","26"
"326","680","1","250","61490","26"
"327","680","1","250","61740","26"
"328","680","1","250","61990","26"
"329","680","1","250","62240","26"
"330","680","1","250","62490","26"
"331","680","1","250","62740","27"
"332","680","1","250","62990","27"
"333","680","1","250","63240","27"
"334","680","1","250","63490","27"
"335","680","1","250","63740","27"
"336","680","1","250","63990","27"
"337","680","1","250","64240","27"
"338","680","1","250","64490","27"
"339","680","1","250","64740","27"
"340","680","1","250","64990","27"
"0","200000","2","50","50","1"
"1","500000","2","10","60","1"
"2","500000","2","15","75","1"
"3","500000","2","20","95","1"
"4","500000","2","25","120","1"
"5","500000","2","30","150","1"