395a0079975054528e769202a573f75102fe27c23a6c2c4be9e84a632afbe18c,79188a942e5f1b44334309a6a7ecb62d24a8de8487f0247d1efae66913bb2f8f,c689af7277552521889f2c777feec1cce350d7c284f1d3defe38fc0a3e8abe36,ed40090931bdd9c144a17e5bc1155aceaa49357047a941f627a200694fa0e4b4,1d2c91fa26a73708f46f602790e2c00c5d428d9e46c229e4f3f81f97a0517abe,a987e611f338a9c9bf9a4d81373bf85f8aea8aa1af946aa5e4eae17c1ccd2bdd
"1","1","10","150","150","0"
"1","2","10","250","400","0"
"1","3","10","400","800","0"
"2","1","20","150","150","0"
"2","2","20","250","400","0"
"2","3","20","400","800","0"
"2","4","20","500","1300","1"
"3","1","30","800","800","0"
"3","2","30","1000","1800","0"
"3","3","30","1200","3000","0"
"3","4","30","1400","4400","1"
"3","5","30","1600","6000","2"
"4","1","40","800","800","0"
"4","2","40","1000","1800","0"
"4","3","40","1200","3000","0"
"4","4","40","1400","4400","1"
"4","5","40","1600","6000","2"