67fd360203251f7558470fed2fb7d334ba737874894e4ef6c2c6fce244fd5849,7d2073eaeca80640a242013e91da16a8191727588bbac74ca1e7bd702ff77f77,619725adf1c91593aa5ed8bba4980f9f09179255ab10caf5e56502267baba4e3,4f483c41bab24bba9f22ae607517b574eb8d94fd6329a80376164728ce85ce12,c12ce392124093f7e189deebe1f85b03f018df7c5e29c827b7cf1cbfe3ca7873,5994506e48e1face3e60355d5fafee77d9c78b721363079b6f31cb3395a3ec3b
"10","500","10","1","2","1"
"20","500","10","1","3","1"
"30","500","10","1","4","1"
"40","500","10","1","5","1"
"50","500","10","1","6","1"
"60","500","10","1","7","1"
"70","500","10","1","8","1"
"80","500","10","1","9","1"
"90","500","10","1","10","1"
"105","500","15","1","11","1"
"120","500","15","1","12","1"
"135","500","15","1","13","1"
"150","500","15","1","14","1"
"165","500","15","1","15","1"
"180","500","15","1","16","1"
"195","500","15","1","17","1"
"210","500","15","1","18","1"
"225","500","15","1","19","1"
"240","500","15","1","20","1"
"265","500","25","1","21","1"
"290","500","25","1","22","1"
"315","500","25","1","23","1"
"340","500","25","1","24","1"
"365","500","25","1","25","1"
"390","500","25","1","26","1"
"415","500","25","1","27","1"
"440","500","25","1","28","1"
"465","500","25","1","29","1"
"490","500","25","1","30","1"
"530","500","40","2","31","1"
"570","500","40","2","32","1"
"610","500","40","2","33","1"
"650","500","40","2","34","1"
"690","500","40","2","35","1"
"730","500","40","2","36","1"
"770","500","40","2","37","1"
"810","500","40","2","38","1"
"850","500","40","2","39","1"
"890","500","40","2","40","1"
"940","500","50","2","41","1"
"990","500","50","2","42","1"
"1040","500","50","2","43","1"
"1090","500","50","2","44","1"
"1140","500","50","2","45","1"
"1190","500","50","2","46","1"
"1240","500","50","2","47","1"
"1290","500","50","2","48","1"
"1340","500","50","2","49","1"
"1390","500","50","2","50","1"
"1450","500","60","3","51","1"
"1510","500","60","3","52","1"
"1570","500","60","3","53","1"
"1630","500","60","3","54","1"
"1690","500","60","3","55","1"
"1750","500","60","3","56","1"
"1810","500","60","3","57","1"
"1870","500","60","3","58","1"
"1930","500","60","3","59","1"
"1990","500","60","3","60","1"
"2065","600","75","3","61","1"
"2140","600","75","3","62","1"
"2215","600","75","3","63","1"
"2290","600","75","3","64","1"
"2365","600","75","3","65","1"
"2440","600","75","3","66","1"
"2515","600","75","3","67","1"
"2590","600","75","3","68","1"
"2665","600","75","3","69","1"
"2740","600","75","3","70","1"
"2840","600","100","4","71","1"
"2940","600","100","4","72","1"
"3040","600","100","4","73","1"
"3140","600","100","4","74","1"
"3240","600","100","4","75","1"
"3340","600","100","4","76","1"
"3440","600","100","4","77","1"
"3540","600","100","4","78","1"
"3640","600","100","4","79","1"
"3740","600","100","4","80","1"
"3865","600","125","4","81","1"
"3990","600","125","4","82","1"
"4115","600","125","4","83","1"
"4240","600","125","4","84","1"
"4365","600","125","4","85","1"
"4490","600","125","4","86","1"
"4615","600","125","4","87","1"
"4740","600","125","4","88","1"
"4865","600","125","4","89","1"
"4990","600","125","4","90","1"
"5140","600","150","5","91","1"
"5290","600","150","5","92","1"
"5440","600","150","5","93","1"
"5590","600","150","5","94","1"
"5740","600","150","5","95","1"
"5890","600","150","5","96","1"
"6040","600","150","5","97","1"
"6190","600","150","5","98","1"
"6340","600","150","5","99","1"
"6490","600","150","5","100","1"
"6665","600","175","5","101","1"
"6840","600","175","5","102","1"
"7015","600","175","5","103","1"
"7190","600","175","5","104","1"
"7365","600","175","5","105","1"
"7540","600","175","5","106","1"
"7715","600","175","5","107","1"
"7890","600","175","5","108","1"
"8065","600","175","5","109","1"
"8240","600","175","5","110","1"
"8440","600","200","6","111","1"
"8640","600","200","6","112","1"
"8840","600","200","6","113","1"
"9040","600","200","6","114","1"
"9240","600","200","6","115","1"
"9440","600","200","6","116","1"
"9640","600","200","6","117","1"
"9840","600","200","6","118","1"
"10040","600","200","6","119","1"
"10240","600","200","6","120","1"
"10465","600","225","6","121","1"
"10690","600","225","6","122","1"
"10915","600","225","6","123","1"
"11140","600","225","6","124","1"
"11365","600","225","6","125","1"
"11590","600","225","6","126","1"
"11815","600","225","6","127","1"
"12040","600","225","6","128","1"
"12265","600","225","6","129","1"
"12490","600","225","6","130","1"
"12740","600","250","7","131","1"
"12990","600","250","7","132","1"
"13240","600","250","7","133","1"
"13490","600","250","7","134","1"
"13740","600","250","7","135","1"
"13990","600","250","7","136","1"
"14240","600","250","7","137","1"
"14490","600","250","7","138","1"
"14740","600","250","7","139","1"
"14990","600","250","7","140","1"
"15240","600","250","8","141","1"
"15490","600","250","8","142","1"
"15740","600","250","8","143","1"
"15990","600","250","8","144","1"
"16240","600","250","8","145","1"
"16490","600","250","8","146","1"
"16740","600","250","8","147","1"
"16990","600","250","8","148","1"
"17240","600","250","8","149","1"
"17490","600","250","8","150","1"
"17740","600","250","9","151","1"
"17990","600","250","9","152","1"
"18240","600","250","9","153","1"
"18490","600","250","9","154","1"
"18740","600","250","9","155","1"
"18990","600","250","9","156","1"
"19240","600","250","9","157","1"
"19490","600","250","9","158","1"
"19740","600","250","9","159","1"
"19990","600","250","9","160","1"
"20240","600","250","10","161","1"
"20490","600","250","10","162","1"
"20740","600","250","10","163","1"
"20990","600","250","10","164","1"
"21240","600","250","10","165","1"
"21490","600","250","10","166","1"
"21740","600","250","10","167","1"
"21990","600","250","10","168","1"
"22240","600","250","10","169","1"
"22490","600","250","10","170","1"
"22740","600","250","11","171","1"
"22990","600","250","11","172","1"
"23240","600","250","11","173","1"
"23490","600","250","11","174","1"
"23740","600","250","11","175","1"
"23990","600","250","11","176","1"
"24240","600","250","11","177","1"
"24490","600","250","11","178","1"
"24740","600","250","11","179","1"
"24990","600","250","11","180","1"
"25240","600","250","12","181","1"
"25490","600","250","12","182","1"
"25740","600","250","12","183","1"
"25990","600","250","12","184","1"
"26240","600","250","12","185","1"
"26490","600","250","12","186","1"
"26740","600","250","12","187","1"
"26990","600","250","12","188","1"
"27240","600","250","12","189","1"
"27490","600","250","12","190","1"
"27740","600","250","13","191","1"
"27990","600","250","13","192","1"
"28240","600","250","13","193","1"
"28490","600","250","13","194","1"
"28740","600","250","13","195","1"
"28990","600","250","13","196","1"
"29240","600","250","13","197","1"
"29490","600","250","13","198","1"
"29740","600","250","13","199","1"
"29990","600","250","13","200","1"
"30240","600","250","14","201","1"
"30490","600","250","14","202","1"
"30740","600","250","14","203","1"
"30990","600","250","14","204","1"
"31240","600","250","14","205","1"
"31490","600","250","14","206","1"
"31740","600","250","14","207","1"
"31990","600","250","14","208","1"
"32240","600","250","14","209","1"
"32490","600","250","14","210","1"
"32740","680","250","15","211","1"
"32990","680","250","15","212","1"
"33240","680","250","15","213","1"
"33490","680","250","15","214","1"
"33740","680","250","15","215","1"
"33990","680","250","15","216","1"
"34240","680","250","15","217","1"
"34490","680","250","15","218","1"
"34740","680","250","15","219","1"
"34990","680","250","15","220","1"
"35240","680","250","16","221","1"
"35490","680","250","16","222","1"
"35740","680","250","16","223","1"
"35990","680","250","16","224","1"
"36240","680","250","16","225","1"
"36490","680","250","16","226","1"
"36740","680","250","16","227","1"
"36990","680","250","16","228","1"
"37240","680","250","16","229","1"
"37490","680","250","16","230","1"
"37740","680","250","17","231","1"
"37990","680","250","17","232","1"
"38240","680","250","17","233","1"
"38490","680","250","17","234","1"
"38740","680","250","17","235","1"
"38990","680","250","17","236","1"
"39240","680","250","17","237","1"
"39490","680","250","17","238","1"
"39740","680","250","17","239","1"
"39990","680","250","17","240","1"
"40240","680","250","18","241","1"
"40490","680","250","18","242","1"
"40740","680","250","18","243","1"
"40990","680","250","18","244","1"
"41240","680","250","18","245","1"
"41490","680","250","18","246","1"
"41740","680","250","18","247","1"
"41990","680","250","18","248","1"
"42240","680","250","18","249","1"
"42490","680","250","18","250","1"
"42740","680","250","19","251","1"
"42990","680","250","19","252","1"
"43240","680","250","19","253","1"
"43490","680","250","19","254","1"
"43740","680","250","19","255","1"
"43990","680","250","19","256","1"
"44240","680","250","19","257","1"
"44490","680","250","19","258","1"
"44740","680","250","19","259","1"
"44990","680","250","19","260","1"
"45240","680","250","20","261","1"
"45490","680","250","20","262","1"
"45740","680","250","20","263","1"
"45990","680","250","20","264","1"
"46240","680","250","20","265","1"
"46490","680","250","20","266","1"
"46740","680","250","20","267","1"
"46990","680","250","20","268","1"
"47240","680","250","20","269","1"
"47490","680","250","20","270","1"
"47740","680","250","21","271","1"
"47990","680","250","21","272","1"
"48240","680","250","21","273","1"
"48490","680","250","21","274","1"
"48740","680","250","21","275","1"
"48990","680","250","21","276","1"
"49240","680","250","21","277","1"
"49490","680","250","21","278","1"
"49740","680","250","21","279","1"
"49990","680","250","21","280","1"
"50240","680","250","22","281","1"
"50490","680","250","22","282","1"
"50740","680","250","22","283","1"
"50990","680","250","22","284","1"
"51240","680","250","22","285","1"
"51490","680","250","22","286","1"
"51740","680","250","22","287","1"
"51990","680","250","22","288","1"
"52240","680","250","22","289","1"
"52490","680","250","22","290","1"
"52740","680","250","23","291","1"
"52990","680","250","23","292","1"
"53240","680","250","23","293","1"
"53490","680","250","23","294","1"
"53740","680","250","23","295","1"
"53990","680","250","23","296","1"
"54240","680","250","23","297","1"
"54490","680","250","23","298","1"
"54740","680","250","23","299","1"
"54990","680","250","23","300","1"
"55240","680","250","24","301","1"
"55490","680","250","24","302","1"
"55740","680","250","24","303","1"
"55990","680","250","24","304","1"
"56240","680","250","24","305","1"
"56490","680","250","24","306","1"
"56740","680","250","24","307","1"
"56990","680","250","24","308","1"
"57240","680","250","24","309","1"
"57490","680","250","24","310","1"
"57740","680","250","25","311","1"
"57990","680","250","25","312","1"
"58240","680","250","25","313","1"
"58490","680","250","25","314","1"
"58740","680","250","25","315","1"
"58990","680","250","25","316","1"
"59240","680","250","25","317","1"
"59490","680","250","25","318","1"
"59740","680","250","25","319","1"
"59990","680","250","25","320","1"
"60240","680","250","26","321","1"
"60490","680","250","26","322","1"
"60740","680","250","26","323","1"
"60990","680","250","26","324","1"
"61240","680","250","26","325","1"
"61490","680","250","26","326","1"
"61740","680","250","26","327","1"
"61990","680","250","26","328","1"
"62240","680","250","26","329","1"
"62490","680","250","26","330","1"
"62740","680","250","27","331","1"
"62990","680","250","27","332","1"
"63240","680","250","27","333","1"
"63490","680","250","27","334","1"
"63740","680","250","27","335","1"
"63990","680","250","27","336","1"
"64240","680","250","27","337","1"
"64490","680","250","27","338","1"
"64740","680","250","27","339","1"
"64990","680","250","27","340","1"
"65240","680","250","28","341","1"
"65490","680","250","28","342","1"
"65740","680","250","28","343","1"
"65990","680","250","28","344","1"
"66240","680","250","28","345","1"
"66490","680","250","28","346","1"
"66740","680","250","28","347","1"
"66990","680","250","28","348","1"
"67240","680","250","28","349","1"
"67490","680","250","28","350","1"
"50","200000","50","1","0","2"
"60","500000","10","1","1","2"
"75","500000","15","1","2","2"
"95","500000","20","1","3","2"
"120","500000","25","1","4","2"
"150","500000","30","1","5","2"