9f667d629bfbf51cfe282e39e6a917992aeedd9b631852f37a34a9813489d0e0,607d0decb85566b5c5d2783f24262f30537bd1d74290c43dab5401e6490c5b93,605d15390e95ed39174c1cd1abfd97ed6af3c47244cf909145bf6af53dea2fd5,90c5da8ce045a1d97834800e331eeab0d1830a8850ab32a0a3d589bd2a31a6c7,3e155f35dccab228607dc8774fa21ea4fac8d3e7af487dbef97349bb263396c0,d13e1eb6a46f6ae9c0420494898e7f612fe5472a1cc25df934ada3aac883b867
"1","0","150","10","150","1"
"1","0","400","10","250","2"
"1","0","800","10","400","3"
"2","0","150","20","150","1"
"2","0","400","20","250","2"
"2","0","800","20","400","3"
"2","1","1300","20","500","4"
"3","0","800","30","800","1"
"3","0","1800","30","1000","2"
"3","0","3000","30","1200","3"
"3","1","4400","30","1400","4"
"3","2","6000","30","1600","5"
"4","0","800","40","800","1"
"4","0","1800","40","1000","2"
"4","0","3000","40","1200","3"
"4","1","4400","40","1400","4"
"4","2","6000","40","1600","5"
"5","0","0","0","0","0"