4027e207b777ff45669a6d4977aa925a63306a573fd76b1a970182e6a715b771,29e0beb57298ffc9278569e93b77b99853c3b14c1c2f393a7978db2dab44b5f7,eaa4bf547dce0eda1e130c74a7a9497aecbd23f22f08f5fcac10847934cc49e6,09c31d2431cfda8855feeb7794e1e5cb4e02665669f1b3647ccf48897383734c
"20","2","1","20"
"30","3","1","30"
"80","3","2","50"
"160","3","3","80"
"60","4","1","60"
"160","4","2","100"
"340","4","3","180"
"700","4","4","360"
"1200","4","5","500"
"100","5","1","100"
"260","5","2","160"
"540","5","3","280"
"1020","5","4","480"
"1800","5","5","780"
"100","6","1","100"
"260","6","2","160"
"540","6","3","280"
"1020","6","4","480"
"1800","6","5","780"
"100","7","1","100"
"260","7","2","160"
"540","7","3","280"
"1020","7","4","480"
"1800","7","5","780"
"100","8","1","100"
"260","8","2","160"
"540","8","3","280"
"1020","8","4","480"
"1800","8","5","780"
"100","9","1","100"
"260","9","2","160"
"540","9","3","280"
"1020","9","4","480"
"1800","9","5","780"
"100","10","1","100"
"260","10","2","160"
"540","10","3","280"
"1020","10","4","480"
"1800","10","5","780"