02a0ae71f63c50c3a321b9500905ddd588ed5966ee50fb1e8ca7e7d4872e0a14,9067e20f29e3ddd876c455dd41b9ceaf427c36293739f8b18248e3418af72ca3,c66aa54fdbd6350d36d33c2956e4297b62ec2d6c257aedc57452ffba02465d45,3851b2dbec88102022c6decfcfe4513bc909f785cb146d1ba2882150395453a8
"20","1","20","2"
"30","1","30","3"
"50","2","80","3"
"80","3","160","3"
"60","1","60","4"
"100","2","160","4"
"180","3","340","4"
"360","4","700","4"
"500","5","1200","4"
"100","1","100","5"
"160","2","260","5"
"280","3","540","5"
"480","4","1020","5"
"780","5","1800","5"
"100","1","100","6"
"160","2","260","6"
"280","3","540","6"
"480","4","1020","6"
"780","5","1800","6"
"100","1","100","7"
"160","2","260","7"
"280","3","540","7"
"480","4","1020","7"
"780","5","1800","7"
"100","1","100","8"
"160","2","260","8"
"280","3","540","8"
"480","4","1020","8"
"780","5","1800","8"
"100","1","100","9"
"160","2","260","9"
"280","3","540","9"
"480","4","1020","9"
"780","5","1800","9"
"100","1","100","10"
"160","2","260","10"
"280","3","540","10"
"480","4","1020","10"
"780","5","1800","10"