d12b1a3f135c9029e505cfdb43e5276c8499ffe29a63e3e365cb479896aa5bfb,3fcf4d45465753be7b9b00bdd7cf2b486b3a41629411d342a031f0910e3a65ae,02a0923be4b15abb0516128bed8685809c108bf1bdca296bfc6ea617596718be
"","2","1"
"","2","2"
"","2","3"
"","2","4"
"","2","5"
"","2","6"
"","2","7"
"","2","8"
"","2","9"
"","3","10"
"","4","11"
"","8","12"
"","9","13"
"","6","14"
"","1","15"
"","1","16"
"指定のミッションを達成して下さい。","0","17"
"CygameID連携は無効です。","1001","18"
"メインクエスト63-1（NORMAL）クリアで解放されます。","5","19"
"明日5:00以降のログインでミッションが進行します。","0","20"
"","4","21"
"メインクエスト18-2（NORMAL）クリアで解放されます。","11","22"
"メインクエスト2-6（NORMAL）クリアで解放されます。","12","23"
"メインクエスト65-1（NORMAL）クリアで解放されます。","10","24"
"メインクエスト72-1（NORMAL）クリアで解放されます。","7","25"
"","2","26"
"","2","27"
"メインクエスト2-6（NORMAL）クリアで解放されます。","3","28"
"","19","31"
"メインクエスト19-5（NORMAL）クリアで解放されます。","2","34"
"メインクエスト72-1（NORMAL）クリアで解放されます。","7","39"
"","2","42"
"明日5:00以降のログインでミッションが進行します。","0","43"
"明日5:00以降のログインでミッションが進行します。","0","44"
"","4","45"
"","4","46"
"","4","47"
"","4","48"
"メインクエスト63-1（NORMAL）クリアで解放されます。","5","49"
"メインクエスト63-1（NORMAL）クリアで解放されます。","5","50"
"メインクエスト72-1（NORMAL）クリアで解放されます。","7","51"
"","4","53"
"メインクエスト65-1（NORMAL）クリアで解放されます。","10","54"
"メインクエスト65-1（NORMAL）クリアで解放されます。","10","55"
"","2","56"
"メインクエスト10-1（NORMAL）クリアで解放されます。","13","57"
"メインクエスト3-1（NORMAL）クリアで解放されます。","14","58"
"メインクエスト64-1（NORMAL）クリアで解放されます。","15","59"
"メインクエスト64-1（NORMAL）クリアで解放されます。","15","60"
"メインクエスト2-12（NORMAL）クリアで解放されます。","16","61"
"メインクエスト2-12（NORMAL）クリアで解放されます。","16","62"
"メインクエスト2-12（NORMAL）クリアで解放されます。","16","63"
"","16","64"
"","6","65"
"","18","66"
"メインクエスト18-3（NORMAL）クリアで解放されます。","17","70"
"メインクエスト72-1（NORMAL）クリアで解放されます。","7","71"
"","4","72"
"","23","73"
"明日5:00以降のログインでミッションが進行します。","0","74"
"","20","75"
"","22","76"
"","21","77"
"","21","78"
"","2","79"
"","1","80"
"","2","86"
"","2","87"
"","26","88"
"","6","89"
"","24","90"
"","25","91"
"","2","92"