f430ed5c2648afae502407291b5459358544881c69c377f6b6f1d5de4e4a3506,6b6252779b65eba70973f91c687339373a1844021279650e35e17db5db3f6bf0,e9cfec2969260f7f21466b33d764b92f1acc5f652e8c18d79accfb341c44e105,677ebeaa40904a0c8b7be244e62cea8208b78217a3756f83f527689d1b98e566,6c7956fb2017d3cafad2b38fd3cb36fcd8ff46f5fe92dc08a9c2aca8eb5a526c,5dc9d4bbf0de24943e99f416e05dd9fa7db21d3f8be28776c7183eca62c96c5b
"10","1","2","500","10","1"
"10","1","3","500","20","1"
"10","1","4","500","30","1"
"10","1","5","500","40","1"
"10","1","6","500","50","1"
"10","1","7","500","60","1"
"10","1","8","500","70","1"
"10","1","9","500","80","1"
"10","1","10","500","90","1"
"15","1","11","500","105","1"
"15","1","12","500","120","1"
"15","1","13","500","135","1"
"15","1","14","500","150","1"
"15","1","15","500","165","1"
"15","1","16","500","180","1"
"15","1","17","500","195","1"
"15","1","18","500","210","1"
"15","1","19","500","225","1"
"15","1","20","500","240","1"
"25","1","21","500","265","1"
"25","1","22","500","290","1"
"25","1","23","500","315","1"
"25","1","24","500","340","1"
"25","1","25","500","365","1"
"25","1","26","500","390","1"
"25","1","27","500","415","1"
"25","1","28","500","440","1"
"25","1","29","500","465","1"
"25","1","30","500","490","1"
"40","2","31","500","530","1"
"40","2","32","500","570","1"
"40","2","33","500","610","1"
"40","2","34","500","650","1"
"40","2","35","500","690","1"
"40","2","36","500","730","1"
"40","2","37","500","770","1"
"40","2","38","500","810","1"
"40","2","39","500","850","1"
"40","2","40","500","890","1"
"50","2","41","500","940","1"
"50","2","42","500","990","1"
"50","2","43","500","1040","1"
"50","2","44","500","1090","1"
"50","2","45","500","1140","1"
"50","2","46","500","1190","1"
"50","2","47","500","1240","1"
"50","2","48","500","1290","1"
"50","2","49","500","1340","1"
"50","2","50","500","1390","1"
"60","3","51","500","1450","1"
"60","3","52","500","1510","1"
"60","3","53","500","1570","1"
"60","3","54","500","1630","1"
"60","3","55","500","1690","1"
"60","3","56","500","1750","1"
"60","3","57","500","1810","1"
"60","3","58","500","1870","1"
"60","3","59","500","1930","1"
"60","3","60","500","1990","1"
"75","3","61","600","2065","1"
"75","3","62","600","2140","1"
"75","3","63","600","2215","1"
"75","3","64","600","2290","1"
"75","3","65","600","2365","1"
"75","3","66","600","2440","1"
"75","3","67","600","2515","1"
"75","3","68","600","2590","1"
"75","3","69","600","2665","1"
"75","3","70","600","2740","1"
"100","4","71","600","2840","1"
"100","4","72","600","2940","1"
"100","4","73","600","3040","1"
"100","4","74","600","3140","1"
"100","4","75","600","3240","1"
"100","4","76","600","3340","1"
"100","4","77","600","3440","1"
"100","4","78","600","3540","1"
"100","4","79","600","3640","1"
"100","4","80","600","3740","1"
"125","4","81","600","3865","1"
"125","4","82","600","3990","1"
"125","4","83","600","4115","1"
"125","4","84","600","4240","1"
"125","4","85","600","4365","1"
"125","4","86","600","4490","1"
"125","4","87","600","4615","1"
"125","4","88","600","4740","1"
"125","4","89","600","4865","1"
"125","4","90","600","4990","1"
"150","5","91","600","5140","1"
"150","5","92","600","5290","1"
"150","5","93","600","5440","1"
"150","5","94","600","5590","1"
"150","5","95","600","5740","1"
"150","5","96","600","5890","1"
"150","5","97","600","6040","1"
"150","5","98","600","6190","1"
"150","5","99","600","6340","1"
"150","5","100","600","6490","1"
"175","5","101","600","6665","1"
"175","5","102","600","6840","1"
"175","5","103","600","7015","1"
"175","5","104","600","7190","1"
"175","5","105","600","7365","1"
"175","5","106","600","7540","1"
"175","5","107","600","7715","1"
"175","5","108","600","7890","1"
"175","5","109","600","8065","1"
"175","5","110","600","8240","1"
"200","6","111","600","8440","1"
"200","6","112","600","8640","1"
"200","6","113","600","8840","1"
"200","6","114","600","9040","1"
"200","6","115","600","9240","1"
"200","6","116","600","9440","1"
"200","6","117","600","9640","1"
"200","6","118","600","9840","1"
"200","6","119","600","10040","1"
"200","6","120","600","10240","1"
"225","6","121","600","10465","1"
"225","6","122","600","10690","1"
"225","6","123","600","10915","1"
"225","6","124","600","11140","1"
"225","6","125","600","11365","1"
"225","6","126","600","11590","1"
"225","6","127","600","11815","1"
"225","6","128","600","12040","1"
"225","6","129","600","12265","1"
"225","6","130","600","12490","1"
"250","7","131","600","12740","1"
"250","7","132","600","12990","1"
"250","7","133","600","13240","1"
"250","7","134","600","13490","1"
"250","7","135","600","13740","1"
"250","7","136","600","13990","1"
"250","7","137","600","14240","1"
"250","7","138","600","14490","1"
"250","7","139","600","14740","1"
"250","7","140","600","14990","1"
"250","8","141","600","15240","1"
"250","8","142","600","15490","1"
"250","8","143","600","15740","1"
"250","8","144","600","15990","1"
"250","8","145","600","16240","1"
"250","8","146","600","16490","1"
"250","8","147","600","16740","1"
"250","8","148","600","16990","1"
"250","8","149","600","17240","1"
"250","8","150","600","17490","1"
"250","9","151","600","17740","1"
"250","9","152","600","17990","1"
"250","9","153","600","18240","1"
"250","9","154","600","18490","1"
"250","9","155","600","18740","1"
"250","9","156","600","18990","1"
"250","9","157","600","19240","1"
"250","9","158","600","19490","1"
"250","9","159","600","19740","1"
"250","9","160","600","19990","1"
"250","10","161","600","20240","1"
"250","10","162","600","20490","1"
"250","10","163","600","20740","1"
"250","10","164","600","20990","1"
"250","10","165","600","21240","1"
"250","10","166","600","21490","1"
"250","10","167","600","21740","1"
"250","10","168","600","21990","1"
"250","10","169","600","22240","1"
"250","10","170","600","22490","1"
"250","11","171","600","22740","1"
"250","11","172","600","22990","1"
"250","11","173","600","23240","1"
"250","11","174","600","23490","1"
"250","11","175","600","23740","1"
"250","11","176","600","23990","1"
"250","11","177","600","24240","1"
"250","11","178","600","24490","1"
"250","11","179","600","24740","1"
"250","11","180","600","24990","1"
"250","12","181","600","25240","1"
"250","12","182","600","25490","1"
"250","12","183","600","25740","1"
"250","12","184","600","25990","1"
"250","12","185","600","26240","1"
"250","12","186","600","26490","1"
"250","12","187","600","26740","1"
"250","12","188","600","26990","1"
"250","12","189","600","27240","1"
"250","12","190","600","27490","1"
"250","13","191","600","27740","1"
"250","13","192","600","27990","1"
"250","13","193","600","28240","1"
"250","13","194","600","28490","1"
"250","13","195","600","28740","1"
"250","13","196","600","28990","1"
"250","13","197","600","29240","1"
"250","13","198","600","29490","1"
"250","13","199","600","29740","1"
"250","13","200","600","29990","1"
"250","14","201","600","30240","1"
"250","14","202","600","30490","1"
"250","14","203","600","30740","1"
"250","14","204","600","30990","1"
"250","14","205","600","31240","1"
"250","14","206","600","31490","1"
"250","14","207","600","31740","1"
"250","14","208","600","31990","1"
"250","14","209","600","32240","1"
"250","14","210","600","32490","1"
"250","15","211","680","32740","1"
"250","15","212","680","32990","1"
"250","15","213","680","33240","1"
"250","15","214","680","33490","1"
"250","15","215","680","33740","1"
"250","15","216","680","33990","1"
"250","15","217","680","34240","1"
"250","15","218","680","34490","1"
"250","15","219","680","34740","1"
"250","15","220","680","34990","1"
"250","16","221","680","35240","1"
"250","16","222","680","35490","1"
"250","16","223","680","35740","1"
"250","16","224","680","35990","1"
"250","16","225","680","36240","1"
"250","16","226","680","36490","1"
"250","16","227","680","36740","1"
"250","16","228","680","36990","1"
"250","16","229","680","37240","1"
"250","16","230","680","37490","1"
"250","17","231","680","37740","1"
"250","17","232","680","37990","1"
"250","17","233","680","38240","1"
"250","17","234","680","38490","1"
"250","17","235","680","38740","1"
"250","17","236","680","38990","1"
"250","17","237","680","39240","1"
"250","17","238","680","39490","1"
"250","17","239","680","39740","1"
"250","17","240","680","39990","1"
"250","18","241","680","40240","1"
"250","18","242","680","40490","1"
"250","18","243","680","40740","1"
"250","18","244","680","40990","1"
"250","18","245","680","41240","1"
"250","18","246","680","41490","1"
"250","18","247","680","41740","1"
"250","18","248","680","41990","1"
"250","18","249","680","42240","1"
"250","18","250","680","42490","1"
"250","19","251","680","42740","1"
"250","19","252","680","42990","1"
"250","19","253","680","43240","1"
"250","19","254","680","43490","1"
"250","19","255","680","43740","1"
"250","19","256","680","43990","1"
"250","19","257","680","44240","1"
"250","19","258","680","44490","1"
"250","19","259","680","44740","1"
"250","19","260","680","44990","1"
"250","20","261","680","45240","1"
"250","20","262","680","45490","1"
"250","20","263","680","45740","1"
"250","20","264","680","45990","1"
"250","20","265","680","46240","1"
"250","20","266","680","46490","1"
"250","20","267","680","46740","1"
"250","20","268","680","46990","1"
"250","20","269","680","47240","1"
"250","20","270","680","47490","1"
"250","21","271","680","47740","1"
"250","21","272","680","47990","1"
"250","21","273","680","48240","1"
"250","21","274","680","48490","1"
"250","21","275","680","48740","1"
"250","21","276","680","48990","1"
"250","21","277","680","49240","1"
"250","21","278","680","49490","1"
"250","21","279","680","49740","1"
"250","21","280","680","49990","1"
"250","22","281","680","50240","1"
"250","22","282","680","50490","1"
"250","22","283","680","50740","1"
"250","22","284","680","50990","1"
"250","22","285","680","51240","1"
"250","22","286","680","51490","1"
"250","22","287","680","51740","1"
"250","22","288","680","51990","1"
"250","22","289","680","52240","1"
"250","22","290","680","52490","1"
"250","23","291","680","52740","1"
"250","23","292","680","52990","1"
"250","23","293","680","53240","1"
"250","23","294","680","53490","1"
"250","23","295","680","53740","1"
"250","23","296","680","53990","1"
"250","23","297","680","54240","1"
"250","23","298","680","54490","1"
"250","23","299","680","54740","1"
"250","23","300","680","54990","1"
"250","24","301","680","55240","1"
"250","24","302","680","55490","1"
"250","24","303","680","55740","1"
"250","24","304","680","55990","1"
"250","24","305","680","56240","1"
"250","24","306","680","56490","1"
"250","24","307","680","56740","1"
"250","24","308","680","56990","1"
"250","24","309","680","57240","1"
"250","24","310","680","57490","1"
"250","25","311","680","57740","1"
"250","25","312","680","57990","1"
"250","25","313","680","58240","1"
"250","25","314","680","58490","1"
"250","25","315","680","58740","1"
"250","25","316","680","58990","1"
"250","25","317","680","59240","1"
"250","25","318","680","59490","1"
"250","25","319","680","59740","1"
"250","25","320","680","59990","1"
"250","26","321","680","60240","1"
"250","26","322","680","60490","1"
"250","26","323","680","60740","1"
"250","26","324","680","60990","1"
"250","26","325","680","61240","1"
"250","26","326","680","61490","1"
"250","26","327","680","61740","1"
"250","26","328","680","61990","1"
"250","26","329","680","62240","1"
"250","26","330","680","62490","1"
"50","1","0","200000","50","2"
"10","1","1","500000","60","2"
"15","1","2","500000","75","2"
"20","1","3","500000","95","2"
"25","1","4","500000","120","2"
"30","1","5","500000","150","2"