92d8f5b5b0a072b81c2a075226b7b66fa535f32a2acaabb1e086ac9c6e174aca,68bb4ea01d519120a547d058a6f52bca64c0ab6ef5988d6a883794d1411d94f1,48edbdac3d8d71038172e3fe61b5788e87ca172d9d57974c64379983657b4b13,da9929092ed6e7d3a77bf70867741052dcde9e353503f6b99a0b8a3b2309af8c
"20","2","20","1"
"30","3","30","1"
"50","3","80","2"
"80","3","160","3"
"60","4","60","1"
"100","4","160","2"
"180","4","340","3"
"360","4","700","4"
"500","4","1200","5"
"100","5","100","1"
"160","5","260","2"
"280","5","540","3"
"480","5","1020","4"
"780","5","1800","5"
"100","6","100","1"
"160","6","260","2"
"280","6","540","3"
"480","6","1020","4"
"780","6","1800","5"
"100","7","100","1"
"160","7","260","2"
"280","7","540","3"
"480","7","1020","4"
"780","7","1800","5"
"100","8","100","1"
"160","8","260","2"
"280","8","540","3"
"480","8","1020","4"
"780","8","1800","5"
"100","9","100","1"
"160","9","260","2"
"280","9","540","3"
"480","9","1020","4"
"780","9","1800","5"
"100","10","100","1"
"160","10","260","2"
"280","10","540","3"
"480","10","1020","4"
"780","10","1800","5"