371eb4012a700ed33c50b47d9f5bd6778a18afe570e4440df33b755e22f428a5,5c38d5c6f5acab06e757e13104e65faa59b84fca3da2fb50414cd8c19aba04f2,a40483dce1a7aea760ee5b631b4d57a81980fb3122dd3697b0caa13b5f351051,6f4f4864a76c056c05763e3a0a1dcb4d6137935b26f6e74b0376f1dbfe2dbe2a,cc07078c8390db3d860af225ddc573f0d47c01be1848a361f47aee1fa403be38,85c8da45b887ee4fa9b8dae6993c9eddef38184bfdf18ef803af4afb939a5d8f
"150","1","150","1","10","0"
"400","2","250","1","10","0"
"800","3","400","1","10","0"
"150","1","150","2","20","0"
"400","2","250","2","20","0"
"800","3","400","2","20","0"
"1300","4","500","2","20","1"
"800","1","800","3","30","0"
"1800","2","1000","3","30","0"
"3000","3","1200","3","30","0"
"4400","4","1400","3","30","1"
"6000","5","1600","3","30","2"
"800","1","800","4","40","0"
"1800","2","1000","4","40","0"
"3000","3","1200","4","40","0"
"4400","4","1400","4","40","1"
"6000","5","1600","4","40","2"
"0","0","0","5","0","0"