e038fefdb88ca971ffb73dc327242fb7823e8adbb89b99013c11a76592e8fa23,fc5d3ac68f9f781e38b591a69427ef0543ea11cad4fd89bf9953e366fbf9ef15,a7735eee2fdfc62e6e35c1d510312996fd049cac55de4bcd77e41f1df8547566,2c3ecb413b193dbc8079c24a6575e50221bda32fd183639a48320a1ace6f05a4
"20","20","1","2"
"30","30","1","3"
"50","80","2","3"
"80","160","3","3"
"60","60","1","4"
"100","160","2","4"
"180","340","3","4"
"360","700","4","4"
"500","1200","5","4"
"100","100","1","5"
"160","260","2","5"
"280","540","3","5"
"480","1020","4","5"
"780","1800","5","5"
"100","100","1","6"
"160","260","2","6"
"280","540","3","6"
"480","1020","4","6"
"780","1800","5","6"
"100","100","1","7"
"160","260","2","7"
"280","540","3","7"
"480","1020","4","7"
"780","1800","5","7"
"100","100","1","8"
"160","260","2","8"
"280","540","3","8"
"480","1020","4","8"
"780","1800","5","8"
"100","100","1","9"
"160","260","2","9"
"280","540","3","9"
"480","1020","4","9"
"780","1800","5","9"
"100","100","1","10"
"160","260","2","10"
"280","540","3","10"
"480","1020","4","10"
"780","1800","5","10"