8a4c92582e11c7e90a166a348ad506dedd72a78dd21bd319bffa52a3fa91bbf5,f699349e8ab93b45f41acb8d99d71e1c59620641aa49eecbefc07883a2863e43,4c12f9354efa13a599f271bcb5a6c180531912978d9e7cf0a306aff53879a34c,7007dc919ac6c0d2b6737a57e38065ec3518c30c894c5bfd3ade8f51d835804c
"2","20","1","20"
"3","30","1","30"
"3","50","2","80"
"3","80","3","160"
"4","60","1","60"
"4","100","2","160"
"4","180","3","340"
"4","360","4","700"
"4","500","5","1200"
"5","100","1","100"
"5","160","2","260"
"5","280","3","540"
"5","480","4","1020"
"5","780","5","1800"
"6","100","1","100"
"6","160","2","260"
"6","280","3","540"
"6","480","4","1020"
"6","780","5","1800"
"7","100","1","100"
"7","160","2","260"
"7","280","3","540"
"7","480","4","1020"
"7","780","5","1800"
"8","100","1","100"
"8","160","2","260"
"8","280","3","540"
"8","480","4","1020"
"8","780","5","1800"
"9","100","1","100"
"9","160","2","260"
"9","280","3","540"
"9","480","4","1020"
"9","780","5","1800"
"10","100","1","100"
"10","160","2","260"
"10","280","3","540"
"10","480","4","1020"
"10","780","5","1800"