4f3334d9afe3c304dd434dae76e5589242a7d2c895b0dbfa17703ecbc7ab1893,b846fec3ab744660e4360b54fc05a59fc3e614fdc030af237fc6ee5083488052,339ea6afbf176e5a57083bee02d87fcaaf9d2b10b287ce482dbdcc1f5d5a4b52,686df2b3f532e9799e5c700d4a81eb6a68ed6da677dac420a18bdede76cefec4,5f8d895cd95d4630eaf9131026de4a197d49300d641ca57f9c098c18bb040417,40d1735c4b3f60b80b09ad8986591d98ebaa0dfd4292051fe08c08608afb057c
"1","500","2","10","10","1"
"1","500","3","20","10","1"
"1","500","4","30","10","1"
"1","500","5","40","10","1"
"1","500","6","50","10","1"
"1","500","7","60","10","1"
"1","500","8","70","10","1"
"1","500","9","80","10","1"
"1","500","10","90","10","1"
"1","500","11","105","15","1"
"1","500","12","120","15","1"
"1","500","13","135","15","1"
"1","500","14","150","15","1"
"1","500","15","165","15","1"
"1","500","16","180","15","1"
"1","500","17","195","15","1"
"1","500","18","210","15","1"
"1","500","19","225","15","1"
"1","500","20","240","15","1"
"1","500","21","265","25","1"
"1","500","22","290","25","1"
"1","500","23","315","25","1"
"1","500","24","340","25","1"
"1","500","25","365","25","1"
"1","500","26","390","25","1"
"1","500","27","415","25","1"
"1","500","28","440","25","1"
"1","500","29","465","25","1"
"1","500","30","490","25","1"
"1","500","31","530","40","2"
"1","500","32","570","40","2"
"1","500","33","610","40","2"
"1","500","34","650","40","2"
"1","500","35","690","40","2"
"1","500","36","730","40","2"
"1","500","37","770","40","2"
"1","500","38","810","40","2"
"1","500","39","850","40","2"
"1","500","40","890","40","2"
"1","500","41","940","50","2"
"1","500","42","990","50","2"
"1","500","43","1040","50","2"
"1","500","44","1090","50","2"
"1","500","45","1140","50","2"
"1","500","46","1190","50","2"
"1","500","47","1240","50","2"
"1","500","48","1290","50","2"
"1","500","49","1340","50","2"
"1","500","50","1390","50","2"
"1","500","51","1450","60","3"
"1","500","52","1510","60","3"
"1","500","53","1570","60","3"
"1","500","54","1630","60","3"
"1","500","55","1690","60","3"
"1","500","56","1750","60","3"
"1","500","57","1810","60","3"
"1","500","58","1870","60","3"
"1","500","59","1930","60","3"
"1","500","60","1990","60","3"
"1","600","61","2065","75","3"
"1","600","62","2140","75","3"
"1","600","63","2215","75","3"
"1","600","64","2290","75","3"
"1","600","65","2365","75","3"
"1","600","66","2440","75","3"
"1","600","67","2515","75","3"
"1","600","68","2590","75","3"
"1","600","69","2665","75","3"
"1","600","70","2740","75","3"
"1","600","71","2840","100","4"
"1","600","72","2940","100","4"
"1","600","73","3040","100","4"
"1","600","74","3140","100","4"
"1","600","75","3240","100","4"
"1","600","76","3340","100","4"
"1","600","77","3440","100","4"
"1","600","78","3540","100","4"
"1","600","79","3640","100","4"
"1","600","80","3740","100","4"
"1","600","81","3865","125","4"
"1","600","82","3990","125","4"
"1","600","83","4115","125","4"
"1","600","84","4240","125","4"
"1","600","85","4365","125","4"
"1","600","86","4490","125","4"
"1","600","87","4615","125","4"
"1","600","88","4740","125","4"
"1","600","89","4865","125","4"
"1","600","90","4990","125","4"
"1","600","91","5140","150","5"
"1","600","92","5290","150","5"
"1","600","93","5440","150","5"
"1","600","94","5590","150","5"
"1","600","95","5740","150","5"
"1","600","96","5890","150","5"
"1","600","97","6040","150","5"
"1","600","98","6190","150","5"
"1","600","99","6340","150","5"
"1","600","100","6490","150","5"
"1","600","101","6665","175","5"
"1","600","102","6840","175","5"
"1","600","103","7015","175","5"
"1","600","104","7190","175","5"
"1","600","105","7365","175","5"
"1","600","106","7540","175","5"
"1","600","107","7715","175","5"
"1","600","108","7890","175","5"
"1","600","109","8065","175","5"
"1","600","110","8240","175","5"
"1","600","111","8440","200","6"
"1","600","112","8640","200","6"
"1","600","113","8840","200","6"
"1","600","114","9040","200","6"
"1","600","115","9240","200","6"
"1","600","116","9440","200","6"
"1","600","117","9640","200","6"
"1","600","118","9840","200","6"
"1","600","119","10040","200","6"
"1","600","120","10240","200","6"
"1","600","121","10465","225","6"
"1","600","122","10690","225","6"
"1","600","123","10915","225","6"
"1","600","124","11140","225","6"
"1","600","125","11365","225","6"
"1","600","126","11590","225","6"
"1","600","127","11815","225","6"
"1","600","128","12040","225","6"
"1","600","129","12265","225","6"
"1","600","130","12490","225","6"
"1","600","131","12740","250","7"
"1","600","132","12990","250","7"
"1","600","133","13240","250","7"
"1","600","134","13490","250","7"
"1","600","135","13740","250","7"
"1","600","136","13990","250","7"
"1","600","137","14240","250","7"
"1","600","138","14490","250","7"
"1","600","139","14740","250","7"
"1","600","140","14990","250","7"
"1","600","141","15240","250","8"
"1","600","142","15490","250","8"
"1","600","143","15740","250","8"
"1","600","144","15990","250","8"
"1","600","145","16240","250","8"
"1","600","146","16490","250","8"
"1","600","147","16740","250","8"
"1","600","148","16990","250","8"
"1","600","149","17240","250","8"
"1","600","150","17490","250","8"
"1","600","151","17740","250","9"
"1","600","152","17990","250","9"
"1","600","153","18240","250","9"
"1","600","154","18490","250","9"
"1","600","155","18740","250","9"
"1","600","156","18990","250","9"
"1","600","157","19240","250","9"
"1","600","158","19490","250","9"
"1","600","159","19740","250","9"
"1","600","160","19990","250","9"
"1","600","161","20240","250","10"
"1","600","162","20490","250","10"
"1","600","163","20740","250","10"
"1","600","164","20990","250","10"
"1","600","165","21240","250","10"
"1","600","166","21490","250","10"
"1","600","167","21740","250","10"
"1","600","168","21990","250","10"
"1","600","169","22240","250","10"
"1","600","170","22490","250","10"
"1","600","171","22740","250","11"
"1","600","172","22990","250","11"
"1","600","173","23240","250","11"
"1","600","174","23490","250","11"
"1","600","175","23740","250","11"
"1","600","176","23990","250","11"
"1","600","177","24240","250","11"
"1","600","178","24490","250","11"
"1","600","179","24740","250","11"
"1","600","180","24990","250","11"
"1","600","181","25240","250","12"
"1","600","182","25490","250","12"
"1","600","183","25740","250","12"
"1","600","184","25990","250","12"
"1","600","185","26240","250","12"
"1","600","186","26490","250","12"
"1","600","187","26740","250","12"
"1","600","188","26990","250","12"
"1","600","189","27240","250","12"
"1","600","190","27490","250","12"
"1","600","191","27740","250","13"
"1","600","192","27990","250","13"
"1","600","193","28240","250","13"
"1","600","194","28490","250","13"
"1","600","195","28740","250","13"
"1","600","196","28990","250","13"
"1","600","197","29240","250","13"
"1","600","198","29490","250","13"
"1","600","199","29740","250","13"
"1","600","200","29990","250","13"
"1","600","201","30240","250","14"
"1","600","202","30490","250","14"
"1","600","203","30740","250","14"
"1","600","204","30990","250","14"
"1","600","205","31240","250","14"
"1","600","206","31490","250","14"
"1","600","207","31740","250","14"
"1","600","208","31990","250","14"
"1","600","209","32240","250","14"
"1","600","210","32490","250","14"
"1","680","211","32740","250","15"
"1","680","212","32990","250","15"
"1","680","213","33240","250","15"
"1","680","214","33490","250","15"
"1","680","215","33740","250","15"
"1","680","216","33990","250","15"
"1","680","217","34240","250","15"
"1","680","218","34490","250","15"
"1","680","219","34740","250","15"
"1","680","220","34990","250","15"
"1","680","221","35240","250","16"
"1","680","222","35490","250","16"
"1","680","223","35740","250","16"
"1","680","224","35990","250","16"
"1","680","225","36240","250","16"
"1","680","226","36490","250","16"
"1","680","227","36740","250","16"
"1","680","228","36990","250","16"
"1","680","229","37240","250","16"
"1","680","230","37490","250","16"
"1","680","231","37740","250","17"
"1","680","232","37990","250","17"
"1","680","233","38240","250","17"
"1","680","234","38490","250","17"
"1","680","235","38740","250","17"
"1","680","236","38990","250","17"
"1","680","237","39240","250","17"
"1","680","238","39490","250","17"
"1","680","239","39740","250","17"
"1","680","240","39990","250","17"
"1","680","241","40240","250","18"
"1","680","242","40490","250","18"
"1","680","243","40740","250","18"
"1","680","244","40990","250","18"
"1","680","245","41240","250","18"
"1","680","246","41490","250","18"
"1","680","247","41740","250","18"
"1","680","248","41990","250","18"
"1","680","249","42240","250","18"
"1","680","250","42490","250","18"
"1","680","251","42740","250","19"
"1","680","252","42990","250","19"
"1","680","253","43240","250","19"
"1","680","254","43490","250","19"
"1","680","255","43740","250","19"
"1","680","256","43990","250","19"
"1","680","257","44240","250","19"
"1","680","258","44490","250","19"
"1","680","259","44740","250","19"
"1","680","260","44990","250","19"
"1","680","261","45240","250","20"
"1","680","262","45490","250","20"
"1","680","263","45740","250","20"
"1","680","264","45990","250","20"
"1","680","265","46240","250","20"
"1","680","266","46490","250","20"
"1","680","267","46740","250","20"
"1","680","268","46990","250","20"
"1","680","269","47240","250","20"
"1","680","270","47490","250","20"
"1","680","271","47740","250","21"
"1","680","272","47990","250","21"
"1","680","273","48240","250","21"
"1","680","274","48490","250","21"
"1","680","275","48740","250","21"
"1","680","276","48990","250","21"
"1","680","277","49240","250","21"
"1","680","278","49490","250","21"
"1","680","279","49740","250","21"
"1","680","280","49990","250","21"
"1","680","281","50240","250","22"
"1","680","282","50490","250","22"
"1","680","283","50740","250","22"
"1","680","284","50990","250","22"
"1","680","285","51240","250","22"
"1","680","286","51490","250","22"
"1","680","287","51740","250","22"
"1","680","288","51990","250","22"
"1","680","289","52240","250","22"
"1","680","290","52490","250","22"
"1","680","291","52740","250","23"
"1","680","292","52990","250","23"
"1","680","293","53240","250","23"
"1","680","294","53490","250","23"
"1","680","295","53740","250","23"
"1","680","296","53990","250","23"
"1","680","297","54240","250","23"
"1","680","298","54490","250","23"
"1","680","299","54740","250","23"
"1","680","300","54990","250","23"
"1","680","301","55240","250","24"
"1","680","302","55490","250","24"
"1","680","303","55740","250","24"
"1","680","304","55990","250","24"
"1","680","305","56240","250","24"
"1","680","306","56490","250","24"
"1","680","307","56740","250","24"
"1","680","308","56990","250","24"
"1","680","309","57240","250","24"
"1","680","310","57490","250","24"
"1","680","311","57740","250","25"
"1","680","312","57990","250","25"
"1","680","313","58240","250","25"
"1","680","314","58490","250","25"
"1","680","315","58740","250","25"
"1","680","316","58990","250","25"
"1","680","317","59240","250","25"
"1","680","318","59490","250","25"
"1","680","319","59740","250","25"
"1","680","320","59990","250","25"
"1","680","321","60240","250","26"
"1","680","322","60490","250","26"
"1","680","323","60740","250","26"
"1","680","324","60990","250","26"
"1","680","325","61240","250","26"
"1","680","326","61490","250","26"
"1","680","327","61740","250","26"
"1","680","328","61990","250","26"
"1","680","329","62240","250","26"
"1","680","330","62490","250","26"
"1","680","331","62740","250","27"
"1","680","332","62990","250","27"
"1","680","333","63240","250","27"
"1","680","334","63490","250","27"
"1","680","335","63740","250","27"
"1","680","336","63990","250","27"
"1","680","337","64240","250","27"
"1","680","338","64490","250","27"
"1","680","339","64740","250","27"
"1","680","340","64990","250","27"
"2","200000","0","50","50","1"
"2","500000","1","60","10","1"
"2","500000","2","75","15","1"
"2","500000","3","95","20","1"
"2","500000","4","120","25","1"
"2","500000","5","150","30","1"