6bd9e6d7ee9f10c8ca82a8df9b915e9b7ea041f31eb2819185fbb32027ce96de,b2dfd24df2170887a09a11184a11b60178cd879d43ab97176f2c71788e6b7e58,4a9ba9c2981b80915870e4cb028e9c49dffe227f41c9ab7c8aa9c35ad4ef2e3c,28342cc367d8c1dd671e7b45d3fb4547cea1f7efad5ae13ab0ea9cbfee6163e8,7500348e685981a4622bdbf91cb6080838e340b24074545a69ba69368186d0c5,e5bd2a61ff568e6d0673ac368458f7efe655bc85c711d15f6493768db917b73c
"10","1","2","1","10","500"
"10","1","3","1","20","500"
"10","1","4","1","30","500"
"10","1","5","1","40","500"
"10","1","6","1","50","500"
"10","1","7","1","60","500"
"10","1","8","1","70","500"
"10","1","9","1","80","500"
"10","1","10","1","90","500"
"15","1","11","1","105","500"
"15","1","12","1","120","500"
"15","1","13","1","135","500"
"15","1","14","1","150","500"
"15","1","15","1","165","500"
"15","1","16","1","180","500"
"15","1","17","1","195","500"
"15","1","18","1","210","500"
"15","1","19","1","225","500"
"15","1","20","1","240","500"
"25","1","21","1","265","500"
"25","1","22","1","290","500"
"25","1","23","1","315","500"
"25","1","24","1","340","500"
"25","1","25","1","365","500"
"25","1","26","1","390","500"
"25","1","27","1","415","500"
"25","1","28","1","440","500"
"25","1","29","1","465","500"
"25","1","30","1","490","500"
"40","1","31","2","530","500"
"40","1","32","2","570","500"
"40","1","33","2","610","500"
"40","1","34","2","650","500"
"40","1","35","2","690","500"
"40","1","36","2","730","500"
"40","1","37","2","770","500"
"40","1","38","2","810","500"
"40","1","39","2","850","500"
"40","1","40","2","890","500"
"50","1","41","2","940","500"
"50","1","42","2","990","500"
"50","1","43","2","1040","500"
"50","1","44","2","1090","500"
"50","1","45","2","1140","500"
"50","1","46","2","1190","500"
"50","1","47","2","1240","500"
"50","1","48","2","1290","500"
"50","1","49","2","1340","500"
"50","1","50","2","1390","500"
"60","1","51","3","1450","500"
"60","1","52","3","1510","500"
"60","1","53","3","1570","500"
"60","1","54","3","1630","500"
"60","1","55","3","1690","500"
"60","1","56","3","1750","500"
"60","1","57","3","1810","500"
"60","1","58","3","1870","500"
"60","1","59","3","1930","500"
"60","1","60","3","1990","500"
"75","1","61","3","2065","600"
"75","1","62","3","2140","600"
"75","1","63","3","2215","600"
"75","1","64","3","2290","600"
"75","1","65","3","2365","600"
"75","1","66","3","2440","600"
"75","1","67","3","2515","600"
"75","1","68","3","2590","600"
"75","1","69","3","2665","600"
"75","1","70","3","2740","600"
"100","1","71","4","2840","600"
"100","1","72","4","2940","600"
"100","1","73","4","3040","600"
"100","1","74","4","3140","600"
"100","1","75","4","3240","600"
"100","1","76","4","3340","600"
"100","1","77","4","3440","600"
"100","1","78","4","3540","600"
"100","1","79","4","3640","600"
"100","1","80","4","3740","600"
"125","1","81","4","3865","600"
"125","1","82","4","3990","600"
"125","1","83","4","4115","600"
"125","1","84","4","4240","600"
"125","1","85","4","4365","600"
"125","1","86","4","4490","600"
"125","1","87","4","4615","600"
"125","1","88","4","4740","600"
"125","1","89","4","4865","600"
"125","1","90","4","4990","600"
"150","1","91","5","5140","600"
"150","1","92","5","5290","600"
"150","1","93","5","5440","600"
"150","1","94","5","5590","600"
"150","1","95","5","5740","600"
"150","1","96","5","5890","600"
"150","1","97","5","6040","600"
"150","1","98","5","6190","600"
"150","1","99","5","6340","600"
"150","1","100","5","6490","600"
"175","1","101","5","6665","600"
"175","1","102","5","6840","600"
"175","1","103","5","7015","600"
"175","1","104","5","7190","600"
"175","1","105","5","7365","600"
"175","1","106","5","7540","600"
"175","1","107","5","7715","600"
"175","1","108","5","7890","600"
"175","1","109","5","8065","600"
"175","1","110","5","8240","600"
"200","1","111","6","8440","600"
"200","1","112","6","8640","600"
"200","1","113","6","8840","600"
"200","1","114","6","9040","600"
"200","1","115","6","9240","600"
"200","1","116","6","9440","600"
"200","1","117","6","9640","600"
"200","1","118","6","9840","600"
"200","1","119","6","10040","600"
"200","1","120","6","10240","600"
"225","1","121","6","10465","600"
"225","1","122","6","10690","600"
"225","1","123","6","10915","600"
"225","1","124","6","11140","600"
"225","1","125","6","11365","600"
"225","1","126","6","11590","600"
"225","1","127","6","11815","600"
"225","1","128","6","12040","600"
"225","1","129","6","12265","600"
"225","1","130","6","12490","600"
"250","1","131","7","12740","600"
"250","1","132","7","12990","600"
"250","1","133","7","13240","600"
"250","1","134","7","13490","600"
"250","1","135","7","13740","600"
"250","1","136","7","13990","600"
"250","1","137","7","14240","600"
"250","1","138","7","14490","600"
"250","1","139","7","14740","600"
"250","1","140","7","14990","600"
"250","1","141","8","15240","600"
"250","1","142","8","15490","600"
"250","1","143","8","15740","600"
"250","1","144","8","15990","600"
"250","1","145","8","16240","600"
"250","1","146","8","16490","600"
"250","1","147","8","16740","600"
"250","1","148","8","16990","600"
"250","1","149","8","17240","600"
"250","1","150","8","17490","600"
"250","1","151","9","17740","600"
"250","1","152","9","17990","600"
"250","1","153","9","18240","600"
"250","1","154","9","18490","600"
"250","1","155","9","18740","600"
"250","1","156","9","18990","600"
"250","1","157","9","19240","600"
"250","1","158","9","19490","600"
"250","1","159","9","19740","600"
"250","1","160","9","19990","600"
"250","1","161","10","20240","600"
"250","1","162","10","20490","600"
"250","1","163","10","20740","600"
"250","1","164","10","20990","600"
"250","1","165","10","21240","600"
"250","1","166","10","21490","600"
"250","1","167","10","21740","600"
"250","1","168","10","21990","600"
"250","1","169","10","22240","600"
"250","1","170","10","22490","600"
"250","1","171","11","22740","600"
"250","1","172","11","22990","600"
"250","1","173","11","23240","600"
"250","1","174","11","23490","600"
"250","1","175","11","23740","600"
"250","1","176","11","23990","600"
"250","1","177","11","24240","600"
"250","1","178","11","24490","600"
"250","1","179","11","24740","600"
"250","1","180","11","24990","600"
"250","1","181","12","25240","600"
"250","1","182","12","25490","600"
"250","1","183","12","25740","600"
"250","1","184","12","25990","600"
"250","1","185","12","26240","600"
"250","1","186","12","26490","600"
"250","1","187","12","26740","600"
"250","1","188","12","26990","600"
"250","1","189","12","27240","600"
"250","1","190","12","27490","600"
"250","1","191","13","27740","600"
"250","1","192","13","27990","600"
"250","1","193","13","28240","600"
"250","1","194","13","28490","600"
"250","1","195","13","28740","600"
"250","1","196","13","28990","600"
"250","1","197","13","29240","600"
"250","1","198","13","29490","600"
"250","1","199","13","29740","600"
"250","1","200","13","29990","600"
"250","1","201","14","30240","600"
"250","1","202","14","30490","600"
"250","1","203","14","30740","600"
"250","1","204","14","30990","600"
"250","1","205","14","31240","600"
"250","1","206","14","31490","600"
"250","1","207","14","31740","600"
"250","1","208","14","31990","600"
"250","1","209","14","32240","600"
"250","1","210","14","32490","600"
"250","1","211","15","32740","680"
"250","1","212","15","32990","680"
"250","1","213","15","33240","680"
"250","1","214","15","33490","680"
"250","1","215","15","33740","680"
"250","1","216","15","33990","680"
"250","1","217","15","34240","680"
"250","1","218","15","34490","680"
"250","1","219","15","34740","680"
"250","1","220","15","34990","680"
"250","1","221","16","35240","680"
"250","1","222","16","35490","680"
"250","1","223","16","35740","680"
"250","1","224","16","35990","680"
"250","1","225","16","36240","680"
"250","1","226","16","36490","680"
"250","1","227","16","36740","680"
"250","1","228","16","36990","680"
"250","1","229","16","37240","680"
"250","1","230","16","37490","680"
"250","1","231","17","37740","680"
"250","1","232","17","37990","680"
"250","1","233","17","38240","680"
"250","1","234","17","38490","680"
"250","1","235","17","38740","680"
"250","1","236","17","38990","680"
"250","1","237","17","39240","680"
"250","1","238","17","39490","680"
"250","1","239","17","39740","680"
"250","1","240","17","39990","680"
"250","1","241","18","40240","680"
"250","1","242","18","40490","680"
"250","1","243","18","40740","680"
"250","1","244","18","40990","680"
"250","1","245","18","41240","680"
"250","1","246","18","41490","680"
"250","1","247","18","41740","680"
"250","1","248","18","41990","680"
"250","1","249","18","42240","680"
"250","1","250","18","42490","680"
"250","1","251","19","42740","680"
"250","1","252","19","42990","680"
"250","1","253","19","43240","680"
"250","1","254","19","43490","680"
"250","1","255","19","43740","680"
"250","1","256","19","43990","680"
"250","1","257","19","44240","680"
"250","1","258","19","44490","680"
"250","1","259","19","44740","680"
"250","1","260","19","44990","680"
"250","1","261","20","45240","680"
"250","1","262","20","45490","680"
"250","1","263","20","45740","680"
"250","1","264","20","45990","680"
"250","1","265","20","46240","680"
"250","1","266","20","46490","680"
"250","1","267","20","46740","680"
"250","1","268","20","46990","680"
"250","1","269","20","47240","680"
"250","1","270","20","47490","680"
"250","1","271","21","47740","680"
"250","1","272","21","47990","680"
"250","1","273","21","48240","680"
"250","1","274","21","48490","680"
"250","1","275","21","48740","680"
"250","1","276","21","48990","680"
"250","1","277","21","49240","680"
"250","1","278","21","49490","680"
"250","1","279","21","49740","680"
"250","1","280","21","49990","680"
"250","1","281","22","50240","680"
"250","1","282","22","50490","680"
"250","1","283","22","50740","680"
"250","1","284","22","50990","680"
"250","1","285","22","51240","680"
"250","1","286","22","51490","680"
"250","1","287","22","51740","680"
"250","1","288","22","51990","680"
"250","1","289","22","52240","680"
"250","1","290","22","52490","680"
"250","1","291","23","52740","680"
"250","1","292","23","52990","680"
"250","1","293","23","53240","680"
"250","1","294","23","53490","680"
"250","1","295","23","53740","680"
"250","1","296","23","53990","680"
"250","1","297","23","54240","680"
"250","1","298","23","54490","680"
"250","1","299","23","54740","680"
"250","1","300","23","54990","680"
"250","1","301","24","55240","680"
"250","1","302","24","55490","680"
"250","1","303","24","55740","680"
"250","1","304","24","55990","680"
"250","1","305","24","56240","680"
"250","1","306","24","56490","680"
"250","1","307","24","56740","680"
"250","1","308","24","56990","680"
"250","1","309","24","57240","680"
"250","1","310","24","57490","680"
"250","1","311","25","57740","680"
"250","1","312","25","57990","680"
"250","1","313","25","58240","680"
"250","1","314","25","58490","680"
"250","1","315","25","58740","680"
"250","1","316","25","58990","680"
"250","1","317","25","59240","680"
"250","1","318","25","59490","680"
"250","1","319","25","59740","680"
"250","1","320","25","59990","680"
"250","1","321","26","60240","680"
"250","1","322","26","60490","680"
"250","1","323","26","60740","680"
"250","1","324","26","60990","680"
"250","1","325","26","61240","680"
"250","1","326","26","61490","680"
"250","1","327","26","61740","680"
"250","1","328","26","61990","680"
"250","1","329","26","62240","680"
"250","1","330","26","62490","680"
"50","2","0","1","50","200000"
"10","2","1","1","60","500000"
"15","2","2","1","75","500000"
"20","2","3","1","95","500000"
"25","2","4","1","120","500000"
"30","2","5","1","150","500000"