245868b37c612bd1d220a75530e82c70b6fc5024752c44db35a21a399e80db3f,85ec694f67ad36572e6704d16a80adba0d73fd14bd99973403d0d5f2d5ccbbb1,d9e38df750cb56b87e7c3867829dbd129e38189d9875fdca25de8189b8e6f1b2,92682c767dabdf0b4d90a86d8fed49e6a544bdcc82e9b535f51ac4af15ec7dd1,3271c80701bc37f923cb367dd2a840b20074ba0177c73b76d8d692614077defa,3aa7f58b089c425b2e77a909abcef204aede21626c997ee6625098a63b8defb0
"1","500","1","10","2","10"
"1","500","1","20","3","10"
"1","500","1","30","4","10"
"1","500","1","40","5","10"
"1","500","1","50","6","10"
"1","500","1","60","7","10"
"1","500","1","70","8","10"
"1","500","1","80","9","10"
"1","500","1","90","10","10"
"1","500","1","105","11","15"
"1","500","1","120","12","15"
"1","500","1","135","13","15"
"1","500","1","150","14","15"
"1","500","1","165","15","15"
"1","500","1","180","16","15"
"1","500","1","195","17","15"
"1","500","1","210","18","15"
"1","500","1","225","19","15"
"1","500","1","240","20","15"
"1","500","1","265","21","25"
"1","500","1","290","22","25"
"1","500","1","315","23","25"
"1","500","1","340","24","25"
"1","500","1","365","25","25"
"1","500","1","390","26","25"
"1","500","1","415","27","25"
"1","500","1","440","28","25"
"1","500","1","465","29","25"
"1","500","1","490","30","25"
"1","500","2","530","31","40"
"1","500","2","570","32","40"
"1","500","2","610","33","40"
"1","500","2","650","34","40"
"1","500","2","690","35","40"
"1","500","2","730","36","40"
"1","500","2","770","37","40"
"1","500","2","810","38","40"
"1","500","2","850","39","40"
"1","500","2","890","40","40"
"1","500","2","940","41","50"
"1","500","2","990","42","50"
"1","500","2","1040","43","50"
"1","500","2","1090","44","50"
"1","500","2","1140","45","50"
"1","500","2","1190","46","50"
"1","500","2","1240","47","50"
"1","500","2","1290","48","50"
"1","500","2","1340","49","50"
"1","500","2","1390","50","50"
"1","500","3","1450","51","60"
"1","500","3","1510","52","60"
"1","500","3","1570","53","60"
"1","500","3","1630","54","60"
"1","500","3","1690","55","60"
"1","500","3","1750","56","60"
"1","500","3","1810","57","60"
"1","500","3","1870","58","60"
"1","500","3","1930","59","60"
"1","500","3","1990","60","60"
"1","600","3","2065","61","75"
"1","600","3","2140","62","75"
"1","600","3","2215","63","75"
"1","600","3","2290","64","75"
"1","600","3","2365","65","75"
"1","600","3","2440","66","75"
"1","600","3","2515","67","75"
"1","600","3","2590","68","75"
"1","600","3","2665","69","75"
"1","600","3","2740","70","75"
"1","600","4","2840","71","100"
"1","600","4","2940","72","100"
"1","600","4","3040","73","100"
"1","600","4","3140","74","100"
"1","600","4","3240","75","100"
"1","600","4","3340","76","100"
"1","600","4","3440","77","100"
"1","600","4","3540","78","100"
"1","600","4","3640","79","100"
"1","600","4","3740","80","100"
"1","600","4","3865","81","125"
"1","600","4","3990","82","125"
"1","600","4","4115","83","125"
"1","600","4","4240","84","125"
"1","600","4","4365","85","125"
"1","600","4","4490","86","125"
"1","600","4","4615","87","125"
"1","600","4","4740","88","125"
"1","600","4","4865","89","125"
"1","600","4","4990","90","125"
"1","600","5","5140","91","150"
"1","600","5","5290","92","150"
"1","600","5","5440","93","150"
"1","600","5","5590","94","150"
"1","600","5","5740","95","150"
"1","600","5","5890","96","150"
"1","600","5","6040","97","150"
"1","600","5","6190","98","150"
"1","600","5","6340","99","150"
"1","600","5","6490","100","150"
"1","600","5","6665","101","175"
"1","600","5","6840","102","175"
"1","600","5","7015","103","175"
"1","600","5","7190","104","175"
"1","600","5","7365","105","175"
"1","600","5","7540","106","175"
"1","600","5","7715","107","175"
"1","600","5","7890","108","175"
"1","600","5","8065","109","175"
"1","600","5","8240","110","175"
"1","600","6","8440","111","200"
"1","600","6","8640","112","200"
"1","600","6","8840","113","200"
"1","600","6","9040","114","200"
"1","600","6","9240","115","200"
"1","600","6","9440","116","200"
"1","600","6","9640","117","200"
"1","600","6","9840","118","200"
"1","600","6","10040","119","200"
"1","600","6","10240","120","200"
"1","600","6","10465","121","225"
"1","600","6","10690","122","225"
"1","600","6","10915","123","225"
"1","600","6","11140","124","225"
"1","600","6","11365","125","225"
"1","600","6","11590","126","225"
"1","600","6","11815","127","225"
"1","600","6","12040","128","225"
"1","600","6","12265","129","225"
"1","600","6","12490","130","225"
"1","600","7","12740","131","250"
"1","600","7","12990","132","250"
"1","600","7","13240","133","250"
"1","600","7","13490","134","250"
"1","600","7","13740","135","250"
"1","600","7","13990","136","250"
"1","600","7","14240","137","250"
"1","600","7","14490","138","250"
"1","600","7","14740","139","250"
"1","600","7","14990","140","250"
"1","600","8","15240","141","250"
"1","600","8","15490","142","250"
"1","600","8","15740","143","250"
"1","600","8","15990","144","250"
"1","600","8","16240","145","250"
"1","600","8","16490","146","250"
"1","600","8","16740","147","250"
"1","600","8","16990","148","250"
"1","600","8","17240","149","250"
"1","600","8","17490","150","250"
"1","600","9","17740","151","250"
"1","600","9","17990","152","250"
"1","600","9","18240","153","250"
"1","600","9","18490","154","250"
"1","600","9","18740","155","250"
"1","600","9","18990","156","250"
"1","600","9","19240","157","250"
"1","600","9","19490","158","250"
"1","600","9","19740","159","250"
"1","600","9","19990","160","250"
"1","600","10","20240","161","250"
"1","600","10","20490","162","250"
"1","600","10","20740","163","250"
"1","600","10","20990","164","250"
"1","600","10","21240","165","250"
"1","600","10","21490","166","250"
"1","600","10","21740","167","250"
"1","600","10","21990","168","250"
"1","600","10","22240","169","250"
"1","600","10","22490","170","250"
"1","600","11","22740","171","250"
"1","600","11","22990","172","250"
"1","600","11","23240","173","250"
"1","600","11","23490","174","250"
"1","600","11","23740","175","250"
"1","600","11","23990","176","250"
"1","600","11","24240","177","250"
"1","600","11","24490","178","250"
"1","600","11","24740","179","250"
"1","600","11","24990","180","250"
"1","600","12","25240","181","250"
"1","600","12","25490","182","250"
"1","600","12","25740","183","250"
"1","600","12","25990","184","250"
"1","600","12","26240","185","250"
"1","600","12","26490","186","250"
"1","600","12","26740","187","250"
"1","600","12","26990","188","250"
"1","600","12","27240","189","250"
"1","600","12","27490","190","250"
"1","600","13","27740","191","250"
"1","600","13","27990","192","250"
"1","600","13","28240","193","250"
"1","600","13","28490","194","250"
"1","600","13","28740","195","250"
"1","600","13","28990","196","250"
"1","600","13","29240","197","250"
"1","600","13","29490","198","250"
"1","600","13","29740","199","250"
"1","600","13","29990","200","250"
"1","600","14","30240","201","250"
"1","600","14","30490","202","250"
"1","600","14","30740","203","250"
"1","600","14","30990","204","250"
"1","600","14","31240","205","250"
"1","600","14","31490","206","250"
"1","600","14","31740","207","250"
"1","600","14","31990","208","250"
"1","600","14","32240","209","250"
"1","600","14","32490","210","250"
"1","680","15","32740","211","250"
"1","680","15","32990","212","250"
"1","680","15","33240","213","250"
"1","680","15","33490","214","250"
"1","680","15","33740","215","250"
"1","680","15","33990","216","250"
"1","680","15","34240","217","250"
"1","680","15","34490","218","250"
"1","680","15","34740","219","250"
"1","680","15","34990","220","250"
"1","680","16","35240","221","250"
"1","680","16","35490","222","250"
"1","680","16","35740","223","250"
"1","680","16","35990","224","250"
"1","680","16","36240","225","250"
"1","680","16","36490","226","250"
"1","680","16","36740","227","250"
"1","680","16","36990","228","250"
"1","680","16","37240","229","250"
"1","680","16","37490","230","250"
"1","680","17","37740","231","250"
"1","680","17","37990","232","250"
"1","680","17","38240","233","250"
"1","680","17","38490","234","250"
"1","680","17","38740","235","250"
"1","680","17","38990","236","250"
"1","680","17","39240","237","250"
"1","680","17","39490","238","250"
"1","680","17","39740","239","250"
"1","680","17","39990","240","250"
"1","680","18","40240","241","250"
"1","680","18","40490","242","250"
"1","680","18","40740","243","250"
"1","680","18","40990","244","250"
"1","680","18","41240","245","250"
"1","680","18","41490","246","250"
"1","680","18","41740","247","250"
"1","680","18","41990","248","250"
"1","680","18","42240","249","250"
"1","680","18","42490","250","250"
"1","680","19","42740","251","250"
"1","680","19","42990","252","250"
"1","680","19","43240","253","250"
"1","680","19","43490","254","250"
"1","680","19","43740","255","250"
"1","680","19","43990","256","250"
"1","680","19","44240","257","250"
"1","680","19","44490","258","250"
"1","680","19","44740","259","250"
"1","680","19","44990","260","250"
"1","680","20","45240","261","250"
"1","680","20","45490","262","250"
"1","680","20","45740","263","250"
"1","680","20","45990","264","250"
"1","680","20","46240","265","250"
"1","680","20","46490","266","250"
"1","680","20","46740","267","250"
"1","680","20","46990","268","250"
"1","680","20","47240","269","250"
"1","680","20","47490","270","250"
"1","680","21","47740","271","250"
"1","680","21","47990","272","250"
"1","680","21","48240","273","250"
"1","680","21","48490","274","250"
"1","680","21","48740","275","250"
"1","680","21","48990","276","250"
"1","680","21","49240","277","250"
"1","680","21","49490","278","250"
"1","680","21","49740","279","250"
"1","680","21","49990","280","250"
"1","680","22","50240","281","250"
"1","680","22","50490","282","250"
"1","680","22","50740","283","250"
"1","680","22","50990","284","250"
"1","680","22","51240","285","250"
"1","680","22","51490","286","250"
"1","680","22","51740","287","250"
"1","680","22","51990","288","250"
"1","680","22","52240","289","250"
"1","680","22","52490","290","250"
"1","680","23","52740","291","250"
"1","680","23","52990","292","250"
"1","680","23","53240","293","250"
"1","680","23","53490","294","250"
"1","680","23","53740","295","250"
"1","680","23","53990","296","250"
"1","680","23","54240","297","250"
"1","680","23","54490","298","250"
"1","680","23","54740","299","250"
"1","680","23","54990","300","250"
"1","680","24","55240","301","250"
"1","680","24","55490","302","250"
"1","680","24","55740","303","250"
"1","680","24","55990","304","250"
"1","680","24","56240","305","250"
"1","680","24","56490","306","250"
"1","680","24","56740","307","250"
"1","680","24","56990","308","250"
"1","680","24","57240","309","250"
"1","680","24","57490","310","250"
"1","680","25","57740","311","250"
"1","680","25","57990","312","250"
"1","680","25","58240","313","250"
"1","680","25","58490","314","250"
"1","680","25","58740","315","250"
"1","680","25","58990","316","250"
"1","680","25","59240","317","250"
"1","680","25","59490","318","250"
"1","680","25","59740","319","250"
"1","680","25","59990","320","250"
"1","680","26","60240","321","250"
"1","680","26","60490","322","250"
"1","680","26","60740","323","250"
"1","680","26","60990","324","250"
"1","680","26","61240","325","250"
"1","680","26","61490","326","250"
"1","680","26","61740","327","250"
"1","680","26","61990","328","250"
"1","680","26","62240","329","250"
"1","680","26","62490","330","250"
"1","680","27","62740","331","250"
"1","680","27","62990","332","250"
"1","680","27","63240","333","250"
"1","680","27","63490","334","250"
"1","680","27","63740","335","250"
"1","680","27","63990","336","250"
"1","680","27","64240","337","250"
"1","680","27","64490","338","250"
"1","680","27","64740","339","250"
"1","680","27","64990","340","250"
"1","680","28","65240","341","250"
"1","680","28","65490","342","250"
"1","680","28","65740","343","250"
"1","680","28","65990","344","250"
"1","680","28","66240","345","250"
"1","680","28","66490","346","250"
"1","680","28","66740","347","250"
"1","680","28","66990","348","250"
"1","680","28","67240","349","250"
"1","680","28","67490","350","250"
"1","680","29","67740","351","250"
"1","680","29","67990","352","250"
"1","680","29","68240","353","250"
"1","680","29","68490","354","250"
"1","680","29","68740","355","250"
"1","680","29","68990","356","250"
"1","680","29","69240","357","250"
"1","680","29","69490","358","250"
"1","680","29","69740","359","250"
"1","680","29","69990","360","250"
"2","200000","1","50","0","50"
"2","500000","1","60","1","10"
"2","500000","1","75","2","15"
"2","500000","1","95","3","20"
"2","500000","1","120","4","25"
"2","500000","1","150","5","30"